0	4	55
0.475599339552	-0.014917422329	0.879535524427	-0.559521128659
0.203928295860	0.974487188798	-0.093744167902	-0.053418619579
-0.855697679303	0.223946844986	0.466507547909	0.294601189471
0.000000000000	0.000000000000	0.000000000000	1.000000000000
0	9	55
0.651554063461	-0.320520223953	0.687563879523	-0.356235608376
0.049525281737	0.922395070379	0.383059500091	-0.295067268071
-0.756983849799	-0.215532178986	0.616864110616	-0.492209134207
0.000000000000	0.000000000000	0.000000000000	1.000000000000
0	11	55
0.928261191134	0.338899930992	-0.153225317124	-0.835152520397
-0.270768114550	0.898206834630	0.346278948779	-0.268915650630
0.254981938924	-0.279948779239	0.925533841534	0.065947189997
0.000000000000	0.000000000000	0.000000000000	1.000000000000
0	18	55
-0.582011799333	-0.176061885120	0.793891981346	-2.016462658746
0.204607817306	0.913164742892	0.352513536529	-0.444903040345
-0.787018364801	0.367603543165	-0.495449017073	2.219698971082
0.000000000000	0.000000000000	0.000000000000	1.000000000000
0	20	55
-0.456669033500	-0.017044476309	0.889473372097	-1.855040699252
0.216437296025	0.967647649738	0.129664655344	-0.477923020459
-0.862906884160	0.251729044378	-0.438205656610	2.201091566299
0.000000000000	0.000000000000	0.000000000000	1.000000000000
0	34	55
0.979399993707	-0.005809892802	0.201846222338	-2.120182042935
-0.056072812538	0.952449652557	0.299492068405	0.269128770827
-0.193988381148	-0.304640615298	0.932503406691	-0.585075807821
0.000000000000	0.000000000000	0.000000000000	1.000000000000
0	43	55
0.997062718976	0.031815643251	0.069668495553	0.358956853758
-0.068040934677	0.785568040856	0.615022995012	-0.473082498985
-0.035161991361	-0.617956809195	0.785425372861	-0.671866239059
0.000000000000	0.000000000000	0.000000000000	1.000000000000
0	46	55
0.808220436287	0.277187136707	-0.519564257443	0.042252373227
-0.156654929155	0.951703505546	0.264044827069	-0.137012428851
0.567660954743	-0.132014123392	0.812608953732	-0.164446488231
0.000000000000	0.000000000000	0.000000000000	1.000000000000
0	53	55
0.754422420491	0.280425278516	-0.593471544920	-0.213069678999
-0.181099109175	0.957977320644	0.222446770686	-0.052635182942
0.630911978105	-0.060341663066	0.773504337145	-0.290345606471
0.000000000000	0.000000000000	0.000000000000	1.000000000000
1	9	55
0.700556905947	-0.424514449220	0.573591757204	0.006707857685
0.085870368828	0.848113398918	0.522809661668	-0.545940595579
-0.708411110364	-0.317003383230	0.630604910966	-0.255279813386
0.000000000000	0.000000000000	0.000000000000	1.000000000000
1	11	55
0.911845045341	0.290483773684	-0.290099621705	-0.476154475482
-0.176927092678	0.915707345503	0.360800306636	-0.421367162188
0.370452989141	-0.277667489308	0.886377655527	0.173141839637
0.000000000000	0.000000000000	0.000000000000	1.000000000000
1	18	55
-0.493207845492	-0.298715847997	0.817015828060	-1.891253758862
0.121441886035	0.906354019975	0.404690324558	-0.618362351392
-0.861392993622	0.298816386147	-0.410744297476	2.176081103468
0.000000000000	0.000000000000	0.000000000000	1.000000000000
1	20	55
-0.382774558410	-0.154354513485	0.910855818228	-1.714725438509
0.120511252447	0.969176599603	0.214880796757	-0.682676779076
-0.915947965480	0.192019277543	-0.352374689194	2.221700064269
0.000000000000	0.000000000000	0.000000000000	1.000000000000
1	34	55
0.990629959773	-0.104668387882	0.087731473132	-1.836193185467
0.067475604358	0.933594698628	0.351920419286	-0.085173984051
-0.118740581168	-0.342703176630	0.931909441476	-0.566948007387
0.000000000000	0.000000000000	0.000000000000	1.000000000000
1	36	55
0.400023783537	-0.334445171540	0.853303814499	-1.360747735514
0.166369997129	0.942071242137	0.291243538630	-0.289828703294
-0.901277979682	0.025459810915	0.432492544870	0.592440313948
0.000000000000	0.000000000000	0.000000000000	1.000000000000
1	43	55
0.995014338713	0.020646026474	-0.097571549881	0.834479480320
0.046848139745	0.766922476605	0.640027473379	-0.506447729124
0.088043838841	-0.641407558786	0.762131632970	-0.395002452106
0.000000000000	0.000000000000	0.000000000000	1.000000000000
1	46	55
0.746486604883	0.201781736372	-0.634067724771	0.398896107155
-0.063013352912	0.970066285124	0.234522322649	-0.192684387488
0.662410043768	-0.135113039092	0.736856431459	0.034484512119
0.000000000000	0.000000000000	0.000000000000	1.000000000000
1	53	55
0.692062196465	0.179921804941	-0.699055119665	0.150610317689
-0.077403154847	0.981351299764	0.175949930582	-0.138835333920
0.717675879380	-0.067659223752	0.693082651347	-0.100370020671
0.000000000000	0.000000000000	0.000000000000	1.000000000000
2	18	55
-0.623266525371	-0.138583410548	0.769632039791	-1.312624033118
0.384514538314	0.802672845840	0.455922002514	-1.006220260608
-0.680945965681	0.580095630799	-0.446991779511	2.528342335351
0.000000000000	0.000000000000	0.000000000000	1.000000000000
2	19	55
-0.031016567713	-0.150774993829	0.988081410494	-1.090927820310
0.377965253512	0.913382945398	0.151241073101	-1.233865840905
-0.925300080874	0.378151419793	0.028657704792	2.643457599663
0.000000000000	0.000000000000	0.000000000000	1.000000000000
2	20	55
-0.503819048904	-0.005354554115	0.863792622515	-1.153829446128
0.402783634170	0.883159881289	0.240403760631	-1.066394540026
-0.764154244905	0.469041525700	-0.442796044656	2.465393514160
0.000000000000	0.000000000000	0.000000000000	1.000000000000
2	21	55
-0.846438913175	-0.108310479398	0.521354012467	-1.231868114602
0.308038157018	0.699037724708	0.645336155237	-0.927600982901
-0.434342790989	0.706834563025	-0.558328971511	2.399150958542
0.000000000000	0.000000000000	0.000000000000	1.000000000000
2	36	55
0.259725489236	-0.184399188815	0.947913292135	-1.040641207887
0.374597433644	0.923976045049	0.077104026369	-0.226958315146
-0.890067094633	0.335060005580	0.309055593239	1.009004803575
0.000000000000	0.000000000000	0.000000000000	1.000000000000
2	43	55
0.991553528198	-0.003854081973	0.129640837589	0.869756396629
-0.050759471771	0.908297062429	0.415234779864	-0.374403461095
-0.119352740832	-0.418308011441	0.900429525738	-0.417035358765
0.000000000000	0.000000000000	0.000000000000	1.000000000000
2	47	55
0.635838667755	0.399477032626	-0.660399340545	0.060278060793
-0.298051457271	0.916349896899	0.267335361058	-0.145980297832
0.711951204372	0.026850826011	0.701715409362	0.244007145318
0.000000000000	0.000000000000	0.000000000000	1.000000000000
3	11	55
0.942428279826	0.277904168516	-0.186005942123	-0.232624670713
-0.165642649089	0.871131469950	0.462268833975	-0.295004025074
0.290502065718	-0.404844705021	0.867011715394	0.231425962296
0.000000000000	0.000000000000	0.000000000000	1.000000000000
3	18	55
-0.607929080269	-0.234869779770	0.758457922310	-1.436390293386
0.049554551060	0.942161230811	0.331476336448	-0.228804230429
-0.792443423743	0.239099146185	-0.561128344018	2.434360409847
0.000000000000	0.000000000000	0.000000000000	1.000000000000
3	20	55
-0.500405060080	-0.098563593885	0.860162771693	-1.255164472988
0.025815763269	0.991358472607	0.128615415708	-0.282782049492
-0.865406449140	0.086565563311	-0.493536301639	2.488161001124
0.000000000000	0.000000000000	0.000000000000	1.000000000000
3	34	55
0.978936257886	-0.117523491470	0.166949189722	-1.575169865077
0.030541275323	0.892806113873	0.449404576671	-0.020984736294
-0.201868852223	-0.434839593395	0.877589593442	-0.438259853866
0.000000000000	0.000000000000	0.000000000000	1.000000000000
3	36	55
0.309002101785	-0.314123748021	0.897688126257	-1.057062247300
0.071865118471	0.948893754074	0.307304487808	-0.069496270529
-0.948342293605	-0.030445269077	0.315784704746	0.695316853618
0.000000000000	0.000000000000	0.000000000000	1.000000000000
3	43	55
0.997532795762	-0.060482509455	0.035639688962	0.889004713836
0.017422077639	0.705075315205	0.708918381127	-0.449988341059
-0.068005827618	-0.706548417264	0.704389481375	-0.508591571579
0.000000000000	0.000000000000	0.000000000000	1.000000000000
3	44	55
0.968473639139	-0.235449133156	0.081378842394	1.027025989339
0.174525366885	0.874372583206	0.452784145098	-0.380746638685
-0.177763063112	-0.424306836422	0.887898643967	-0.520900966234
0.000000000000	0.000000000000	0.000000000000	1.000000000000
3	46	55
0.820707405308	0.203791364324	-0.533768146952	0.583671258815
-0.019729404095	0.943776131161	0.329996007346	-0.109779256617
0.571007973226	-0.260299239487	0.778584741974	-0.025281920973
0.000000000000	0.000000000000	0.000000000000	1.000000000000
3	53	55
0.749240247006	0.193202442770	-0.633491806083	0.432727001644
-0.016407138662	0.961626203389	0.273871960516	-0.078820777437
0.662095052139	-0.194802107442	0.723658953423	-0.128845443934
0.000000000000	0.000000000000	0.000000000000	1.000000000000
4	7	55
0.920015811345	-0.072272939427	0.385159095832	0.770547317420
-0.091829238397	0.915721672397	0.391179255174	-0.104495446807
-0.380970205988	-0.395259966262	0.835841648412	-0.417252232755
0.000000000000	0.000000000000	0.000000000000	1.000000000000
4	8	55
0.987010679769	-0.065537406262	0.146679127358	0.792594426846
-0.030512563410	0.819918470772	0.571666585311	-0.342760529574
-0.157730471045	-0.568716581143	0.807268572928	-0.249259978881
0.000000000000	0.000000000000	0.000000000000	1.000000000000
4	10	55
0.812498449350	0.319027449377	-0.487921875250	0.522609946284
-0.138665137373	0.918709771882	0.369789581690	-0.317148894722
0.566231621760	-0.232795707851	0.790688250150	-0.260609372373
0.000000000000	0.000000000000	0.000000000000	1.000000000000
4	19	55
0.910415090480	-0.025642447012	0.412900506100	-2.399945019943
-0.044826015897	0.986086166947	0.160077167811	-0.129277193347
-0.411260247684	-0.164245353867	0.896598278165	-0.107727482796
0.000000000000	0.000000000000	0.000000000000	1.000000000000
4	38	55
0.786761479464	-0.248103173816	0.565200132319	0.535660925432
0.037431801049	0.933155915358	0.357517688937	-0.134523407787
-0.616121120156	-0.260124686977	0.743458077179	0.091648676493
0.000000000000	0.000000000000	0.000000000000	1.000000000000
4	39	55
0.997987784170	0.025479043235	0.058062044424	0.995383469273
-0.047388777172	0.908115663000	0.416029141301	-0.151413374902
-0.042127027489	-0.417943490163	0.907495758990	0.228884096470
0.000000000000	0.000000000000	0.000000000000	1.000000000000
4	40	55
0.999345183710	0.024286718474	0.026820870631	1.312858323377
-0.036081161875	0.724448353617	0.688384146171	-0.365803869805
-0.002711743611	-0.688901109193	0.724850266055	0.145031722517
0.000000000000	0.000000000000	0.000000000000	1.000000000000
4	41	55
0.998308821866	0.045493331374	0.036191891150	1.241322666941
-0.055876914720	0.579147563672	0.813305520634	-0.589991968729
0.016039531975	-0.813952367337	0.580710148973	0.310037815358
0.000000000000	0.000000000000	0.000000000000	1.000000000000
4	43	55
0.517635138219	0.670391904831	-0.531628213715	1.140870780195
-0.066267344980	0.650896813364	0.756268455868	-0.578233463242
0.853031360895	-0.356241536445	0.381352153581	0.367729661923
0.000000000000	0.000000000000	0.000000000000	1.000000000000
4	44	55
0.651386380881	0.371152728585	-0.661771437029	1.185387018773
-0.005013103268	0.874277004843	0.485401470535	-0.478376412330
0.758729630105	-0.312866378613	0.571352761029	0.299356003770
0.000000000000	0.000000000000	0.000000000000	1.000000000000
4	45	55
0.472998657954	0.371369550734	-0.798972419024	1.143744461888
-0.075760338005	0.920612242777	0.383058049954	-0.274351150365
0.877799886511	-0.120655523025	0.463583438018	0.265122758427
0.000000000000	0.000000000000	0.000000000000	1.000000000000
5	36	55
0.969058930198	0.146199584659	-0.198873002815	-0.554569606035
-0.096455685525	0.965944251955	0.240099985101	0.106857119189
0.227202752037	-0.213488602884	0.950158684592	-1.195965512369
0.000000000000	0.000000000000	0.000000000000	1.000000000000
5	42	55
0.369501066396	0.834609639783	-0.408528715164	0.655194928968
-0.179698962825	0.495522662322	0.849803255986	-0.532482784740
0.911689225938	-0.240591022915	0.333074638784	0.516372159705
0.000000000000	0.000000000000	0.000000000000	1.000000000000
5	43	55
0.114232378095	0.786406810619	-0.607054603810	0.747924950779
-0.088777782548	0.616690421725	0.782183756594	-0.613417888588
0.989479392974	-0.035457749011	0.140261466249	0.639568898897
0.000000000000	0.000000000000	0.000000000000	1.000000000000
5	44	55
0.318916404354	0.471683680934	-0.822074712039	0.789026608984
0.041630846880	0.859557481168	0.509340563038	-0.526412543386
0.946868100435	-0.196660727417	0.254490390133	0.583895081737
0.000000000000	0.000000000000	0.000000000000	1.000000000000
6	36	55
0.952596685763	0.190802454452	-0.236968305158	-0.826487286446
-0.169000742210	0.979533371845	0.109330336931	0.293308344296
0.252978859604	-0.064099897162	0.965346000032	-0.883699453160
0.000000000000	0.000000000000	0.000000000000	1.000000000000
6	42	55
0.339549386823	0.857296417177	-0.386974245917	0.270850015473
-0.258604920911	0.480650531094	0.837913218561	-0.687591274053
0.904339376998	-0.184439475313	0.384905665271	0.808023520938
0.000000000000	0.000000000000	0.000000000000	1.000000000000
6	43	55
0.053146389103	0.802166819182	-0.594730069467	0.364159329201
-0.201918383893	0.591901901955	0.780308339509	-0.753247134565
0.977959317953	0.078616363848	0.193429676534	0.925035611233
0.000000000000	0.000000000000	0.000000000000	1.000000000000
6	44	55
0.277497568827	0.582279944382	-0.764163049137	0.336694176885
-0.099627309946	0.808554009233	0.579926558511	-0.739373157236
0.955546701322	-0.084796701139	0.282382756321	0.846783137203
0.000000000000	0.000000000000	0.000000000000	1.000000000000
7	36	55
0.971790524772	0.048115980443	-0.230885314366	-1.265083688963
-0.074988969689	0.991202327990	-0.109062364780	0.324825901604
0.223606418487	0.123299624543	0.966849198272	-0.849438140217
0.000000000000	0.000000000000	0.000000000000	1.000000000000
7	42	55
0.371269024757	0.750928787314	-0.546136674871	0.075131151420
-0.402467542975	0.660197922781	0.634159742973	-0.741065000653
0.836767105058	-0.015641583650	0.547335502917	0.621209706845
0.000000000000	0.000000000000	0.000000000000	1.000000000000
7	43	55
0.107412659785	0.718113339706	-0.687586904947	0.071001805386
-0.446000278794	0.652899894222	0.612213589722	-0.834752556772
0.888564163037	0.240904461273	0.390408463927	0.649670541032
0.000000000000	0.000000000000	0.000000000000	1.000000000000
8	10	55
0.711817945771	0.367425792492	-0.598592932710	-0.323621656609
-0.502762859815	0.861669729250	-0.068954945327	-0.005565751699
0.490453584826	0.350033662248	0.798080018811	-0.040551315401
0.000000000000	0.000000000000	0.000000000000	1.000000000000
8	18	55
0.388553444409	0.208832989506	0.897449164762	-3.770170789084
0.023220792877	0.971449779252	-0.236106165040	0.381968190359
-0.921133549284	0.112579344845	0.372610890204	0.083981096028
0.000000000000	0.000000000000	0.000000000000	1.000000000000
8	20	55
0.844257189305	-0.420694158952	-0.332033466584	0.212846011396
-0.053557079320	-0.682661625039	0.728769335904	-2.099233282709
-0.533255508703	-0.597486008475	-0.598873135242	3.998587675213
0.000000000000	0.000000000000	0.000000000000	1.000000000000
8	36	55
0.999862652252	0.016560312820	0.000657776527	-1.440331694296
-0.015275129691	0.936212864333	-0.351101328778	0.739951051336
-0.006430166683	0.351043058179	0.936337238531	-0.435383444911
0.000000000000	0.000000000000	0.000000000000	1.000000000000
8	43	55
0.349183114332	0.707885638358	-0.613978074260	0.283865936550
-0.580306128030	0.677815658420	0.451454018668	-0.598373930676
0.735741768854	0.198655118753	0.647472156434	0.456316658807
0.000000000000	0.000000000000	0.000000000000	1.000000000000
8	44	55
0.499971782394	0.359945591934	-0.787697522947	0.367788514497
-0.419939436194	0.896217166016	0.142988325632	-0.507761274346
0.757416059203	0.259295125650	0.599238642843	0.472897700712
0.000000000000	0.000000000000	0.000000000000	1.000000000000
9	18	55
0.213093715660	-0.378559676920	0.900712850667	-3.125443930007
0.590264122358	0.784512384996	0.190075205236	-0.171984763031
-0.778575194958	0.491154648557	0.390624854557	0.448309225097
0.000000000000	0.000000000000	0.000000000000	1.000000000000
9	19	55
0.811769059965	-0.166613609615	0.559706082131	-3.013157519677
0.330709958038	0.921097381360	-0.205452032618	-0.384297753956
-0.481312701825	0.351879978321	0.802819135247	0.554447307852
0.000000000000	0.000000000000	0.000000000000	1.000000000000
9	20	55
0.372555491770	-0.179805184350	0.910424352285	-3.001816729122
0.503097007681	0.863507351751	-0.035333473292	-0.381467627079
-0.779804979732	0.471195446873	0.412163856291	0.474654251895
0.000000000000	0.000000000000	0.000000000000	1.000000000000
9	37	55
0.618591031893	-0.346719169926	0.705075139590	-0.845770976636
0.477854400946	0.878347469608	0.012684404953	0.073346058803
-0.623698891099	0.329076799302	0.709019148827	0.274733870382
0.000000000000	0.000000000000	0.000000000000	1.000000000000
9	38	55
0.618541943601	-0.417873629435	0.665422793289	-0.138309381716
0.484598415331	0.869499926639	0.095573288284	0.014168448684
-0.618522626801	0.263346743661	0.740323073217	0.363131107964
0.000000000000	0.000000000000	0.000000000000	1.000000000000
9	39	55
0.972429112828	-0.165834516899	0.163952839346	0.404324725965
0.177971272974	0.982065509108	-0.062237945141	0.064947725448
-0.150691229077	0.089700885304	0.984502871837	0.409170280297
0.000000000000	0.000000000000	0.000000000000	1.000000000000
9	40	55
0.981116182809	-0.161560773306	0.106344498488	0.686752866225
0.134105116526	0.964402854424	0.227909964900	-0.001609510809
-0.139380248068	-0.209344813426	0.967857373553	0.177527474312
0.000000000000	0.000000000000	0.000000000000	1.000000000000
9	41	55
0.985976176881	-0.163827864114	0.031802665982	0.723600619168
0.134481099190	0.892808445326	0.429892909823	-0.310324642022
-0.098822125987	-0.419587310217	0.902319608853	0.245370140383
0.000000000000	0.000000000000	0.000000000000	1.000000000000
9	42	55
0.825958275729	0.458046478197	-0.328612766894	0.550706139144
-0.280019862767	0.839283636184	0.466038468894	-0.310968906575
0.489266597277	-0.292910228302	0.821475376956	0.326225523448
0.000000000000	0.000000000000	0.000000000000	1.000000000000
10	11	55
0.714792277098	0.393311911065	-0.578254045568	-0.443636647863
-0.370960005228	0.914186755103	0.163252109680	-0.100742426438
0.592841188787	0.097817776548	0.799356620958	0.248222775681
0.000000000000	0.000000000000	0.000000000000	1.000000000000
10	34	55
0.969052945102	0.053072596754	-0.241080254402	-1.447364547921
-0.033009895184	0.995703811943	0.086511650669	0.606550463769
0.244635926243	-0.075876335938	0.966641632269	-0.792131912386
0.000000000000	0.000000000000	0.000000000000	1.000000000000
10	46	55
0.473678445467	0.292552401834	-0.830687560086	0.386584368845
-0.337678972904	0.931458836033	0.135489291217	0.030024602251
0.813388985393	0.216327365252	0.540000768040	0.416966869804
0.000000000000	0.000000000000	0.000000000000	1.000000000000
10	53	55
0.387822697442	0.226711646622	-0.893417810789	0.246378756726
-0.340324992071	0.936011153327	0.089788755527	0.163144474052
0.856605192093	0.269230292004	0.440162009658	0.260280755802
0.000000000000	0.000000000000	0.000000000000	1.000000000000
11	18	55
-0.804964848717	-0.307412111999	0.507473532044	-0.511045976242
0.212259330704	0.649497676591	0.730136113771	-1.166243390307
-0.554055564775	0.695449898626	-0.457571709836	2.136275426217
0.000000000000	0.000000000000	0.000000000000	1.000000000000
11	19	55
-0.230110112383	-0.375628490488	0.897748613652	-0.274779280160
0.451561306791	0.775967046721	0.440417448124	-1.263105115896
-0.862056681656	0.506733045633	-0.008938572294	2.123769504360
0.000000000000	0.000000000000	0.000000000000	1.000000000000
11	20	55
-0.725627363689	-0.219448003533	0.652156041765	-0.323406784035
0.244114792105	0.804027922084	0.542168856340	-1.173478302896
-0.643329540236	0.552613494456	-0.529854157674	2.152681002579
0.000000000000	0.000000000000	0.000000000000	1.000000000000
11	21	55
-0.955243161513	-0.213596636581	0.204663087106	-0.465667590574
0.050398847542	0.564223079340	0.824082685722	-1.067080690840
-0.291496927169	0.797514133782	-0.528205213784	2.057028283673
0.000000000000	0.000000000000	0.000000000000	1.000000000000
11	33	55
0.982411324206	-0.106448054310	-0.153417084464	-1.825266928851
0.115296558821	0.992074080262	0.049957209646	0.212901408675
0.146883265201	-0.066766990385	0.986897905256	-0.165496286873
0.000000000000	0.000000000000	0.000000000000	1.000000000000
11	43	55
0.937038736425	-0.333133385438	0.104788138381	0.989226726909
0.277486776112	0.892426203660	0.355775997087	0.438907329320
-0.212036542891	-0.304298568067	0.928678031371	-0.957515821758
0.000000000000	0.000000000000	0.000000000000	1.000000000000
11	44	55
0.826956901560	-0.477322322944	0.297162721387	0.892075106697
0.481397396647	0.874130907722	0.064433707537	0.553479947800
-0.290514766345	0.089769461316	0.952650310634	-0.951252628274
0.000000000000	0.000000000000	0.000000000000	1.000000000000
11	45	55
0.936825662128	-0.268576684619	0.224107659970	0.769204462556
0.297587559957	0.948670706138	-0.107077240696	0.688991839249
-0.183845921730	0.167004358612	0.968664142656	-0.782797634449
0.000000000000	0.000000000000	0.000000000000	1.000000000000
11	52	55
0.609175037288	0.069446991351	-0.789989170392	-0.091170398791
-0.309656385854	0.937909094984	-0.156331226072	0.455045670860
0.730081294545	0.339858271839	0.592855512260	-0.368648559352
0.000000000000	0.000000000000	0.000000000000	1.000000000000
12	22	55
-0.340024825272	0.808443975340	0.480418002301	-1.465382371382
-0.479331061895	-0.588505895784	0.651077985905	-3.135163768131
0.809088901977	-0.008896592801	0.587618923568	1.531444519701
0.000000000000	0.000000000000	0.000000000000	1.000000000000
12	25	55
0.583310491585	0.480708984924	-0.654727227340	-0.556071378320
-0.331837805959	0.876764910307	0.348090451738	-0.505587942628
0.741372066471	0.014218434103	0.670943585697	1.239123578542
0.000000000000	0.000000000000	0.000000000000	1.000000000000
12	30	55
0.555920003764	-0.615096300293	0.559114917330	-1.419428758143
0.553595888956	0.775723363167	0.302960155082	-1.026685187786
-0.620068174595	0.141102109135	0.771754918126	2.141141750889
0.000000000000	0.000000000000	0.000000000000	1.000000000000
12	34	55
0.111763063163	-0.470159449368	0.875476504472	-1.603385768814
0.572285114941	0.750688199023	0.330086314567	-0.062056918994
-0.812403080330	0.464130714366	0.352964467125	0.510653327515
0.000000000000	0.000000000000	0.000000000000	1.000000000000
12	46	55
0.729468640178	-0.224235116194	0.646215223948	-0.869287953069
0.382973781322	0.916669139623	-0.114231218508	0.952240703205
-0.566750902793	0.330811579494	0.754557561128	-0.984351154684
0.000000000000	0.000000000000	0.000000000000	1.000000000000
13	15	55
0.461744365845	0.360582946922	-0.810414757393	0.480568513646
-0.500247861453	0.860344122740	0.097775598074	-0.304296726491
0.732491786795	0.360260917748	0.577639899437	0.559144977052
0.000000000000	0.000000000000	0.000000000000	1.000000000000
13	16	55
0.337081101975	0.397293060896	-0.853542356568	0.767194773633
-0.514883614591	0.836802311942	0.186163245981	-0.128077858183
0.788207583138	0.376722861654	0.486629932691	0.284401493569
0.000000000000	0.000000000000	0.000000000000	1.000000000000
13	23	55
0.391286727645	0.343990039020	-0.853560513276	0.276149876802
-0.446560891445	0.881966463709	0.150726663613	-0.162649529247
0.804660218354	0.322189400737	0.498714269950	0.488250669115
0.000000000000	0.000000000000	0.000000000000	1.000000000000
13	27	55
-0.982213897916	0.187340182839	0.012629910320	-0.110039828794
-0.109867881703	-0.518877697504	-0.847758800369	2.684384058020
-0.152265909878	-0.834068097296	0.530231554853	1.330737273068
0.000000000000	0.000000000000	0.000000000000	1.000000000000
13	30	55
0.117952317748	-0.647946767547	0.752497333659	-0.385321260332
0.649420208273	0.623604813190	0.435167128875	-0.887866925891
-0.751226093679	0.437358003691	0.494345357805	1.777350214201
0.000000000000	0.000000000000	0.000000000000	1.000000000000
13	31	55
-0.111514504980	-0.775935422917	0.620877390990	-0.278408315898
0.550541248744	0.471899243030	0.688633021179	-0.717610062884
-0.827326325346	0.418611184622	0.374560846191	1.510060258445
0.000000000000	0.000000000000	0.000000000000	1.000000000000
13	33	55
0.128561143597	-0.578740292133	0.805314663109	-1.386021568891
0.605448966129	0.688954534778	0.398463547168	-0.348841153259
-0.785432098765	0.436350000882	0.438970494407	0.827561442349
0.000000000000	0.000000000000	0.000000000000	1.000000000000
13	47	55
0.565125085266	-0.373224028198	0.735756388201	-1.613385973937
0.475934302705	0.875945516696	0.078778114273	0.548905223584
-0.673884394768	0.305652215034	0.672648902425	-0.761697179307
0.000000000000	0.000000000000	0.000000000000	1.000000000000
13	51	55
0.999996861661	-0.001683921328	-0.001855014311	-1.961821149086
0.000789801012	0.914561874236	-0.404445242781	0.516872069158
0.002377579335	0.404442508402	0.914560333993	-0.467623987023
0.000000000000	0.000000000000	0.000000000000	1.000000000000
14	22	55
0.701666482872	0.407949152452	-0.584158913164	0.144935964763
-0.247253095920	0.908330301480	0.337345475693	0.245418376497
0.668229042599	-0.092268913653	0.738211618847	-0.587073835885
0.000000000000	0.000000000000	0.000000000000	1.000000000000
14	27	55
0.696025542874	-0.445880652886	0.562795599706	0.309028933092
0.440834460302	0.884065865249	0.155217668169	-0.341664411600
-0.566756934035	0.140064232706	0.811891980771	1.088161127454
0.000000000000	0.000000000000	0.000000000000	1.000000000000
14	28	55
0.842061557497	-0.351735335063	0.408918803008	0.815845862927
0.257718736891	0.928357503547	0.267830913571	-0.593456674067
-0.473828435239	-0.120144078826	0.872382951623	1.628086527122
0.000000000000	0.000000000000	0.000000000000	1.000000000000
14	48	55
0.349902989828	-0.398246556780	0.847919558521	-2.082258896973
0.476545152788	0.854940729190	0.204892818141	0.109628551677
-0.806518824990	0.332379345906	0.488928783518	0.170342457288
0.000000000000	0.000000000000	0.000000000000	1.000000000000
14	50	55
0.900181182926	-0.088503699768	0.426428110041	-2.347005239859
0.211710322341	0.944585972141	-0.250870645251	-0.195289371942
-0.380595030603	0.316108266836	0.869035664584	0.627388737890
0.000000000000	0.000000000000	0.000000000000	1.000000000000
14	52	55
0.222192258451	-0.250882835013	0.942172172897	-2.480841637624
0.416524920630	0.898134962637	0.140927567863	-0.071756823551
-0.881554077059	0.361125174954	0.304057588683	0.303366494635
0.000000000000	0.000000000000	0.000000000000	1.000000000000
15	17	55
0.872471181815	0.180902390737	-0.453947532130	-0.333193076180
-0.169485753180	0.983312542945	0.066113707773	0.311766626561
0.458332429979	0.019255334633	0.888572234384	-0.675018693738
0.000000000000	0.000000000000	0.000000000000	1.000000000000
15	26	55
0.534282210378	-0.449650731785	0.715790988403	0.109430249551
0.412206835651	0.877869019720	0.243785784776	-0.205164909532
-0.737989189837	0.164803530368	0.654378905576	0.688816784881
0.000000000000	0.000000000000	0.000000000000	1.000000000000
15	48	55
-0.088669050816	-0.375435419331	0.922597444902	-2.151442497548
0.497938696743	0.785494219534	0.367499503897	-0.337463655537
-0.862667290276	0.491982801519	0.117294796545	1.087381407460
0.000000000000	0.000000000000	0.000000000000	1.000000000000
15	50	55
0.671489515731	-0.122075263053	0.730889499456	-2.132236602831
0.354535155320	0.919045726549	-0.172220138643	-0.547269189724
-0.650697052326	0.374770039707	0.660409542202	1.396754855629
0.000000000000	0.000000000000	0.000000000000	1.000000000000
15	52	55
-0.153645014144	-0.201019662300	0.967462818406	-2.474524963654
0.402519433723	0.881438724041	0.247070599702	-0.422341642792
-0.902425240729	0.427383751598	-0.054514344586	1.285191204703
0.000000000000	0.000000000000	0.000000000000	1.000000000000
16	21	55
0.769023076311	0.273642709012	-0.577687784107	-0.420868477249
-0.267054539495	0.958625778019	0.098582405389	0.216222819243
0.580762757963	0.078462000494	0.810282872485	-0.466503089860
0.000000000000	0.000000000000	0.000000000000	1.000000000000
16	25	55
0.704203017546	-0.541174277876	0.459596030275	0.124135332226
0.345674181218	0.826747132182	0.443845175560	-0.357096342977
-0.620167292364	-0.153686630496	0.769267800631	0.940097422457
0.000000000000	0.000000000000	0.000000000000	1.000000000000
16	47	55
-0.523278805987	-0.305117376634	0.795664928020	-2.035996169732
0.448116008512	0.695656034699	0.561475488603	-0.571851721036
-0.724825036902	0.650358414924	-0.227294078270	1.486286440787
0.000000000000	0.000000000000	0.000000000000	1.000000000000
16	50	55
0.553123537687	-0.078877877051	0.829356758318	-1.686906894872
0.355094438360	0.922871366020	-0.149051607256	-0.811658675352
-0.753632730116	0.376943924598	0.538470970254	2.029972331433
0.000000000000	0.000000000000	0.000000000000	1.000000000000
16	52	55
-0.268641292182	-0.189972474846	0.944321086779	-2.039849412191
0.421943007354	0.858087768308	0.292659324856	-0.710246784893
-0.865907590150	0.477070058461	-0.150360249533	1.826164936656
0.000000000000	0.000000000000	0.000000000000	1.000000000000
17	18	55
0.765969791205	0.224819638417	-0.602284325833	-0.148016125963
-0.261382382423	0.964836836397	0.027733180301	0.039027950494
0.587341067116	0.136183733657	0.797799762827	-0.152324429382
0.000000000000	0.000000000000	0.000000000000	1.000000000000
17	23	55
0.901943170848	-0.182686011804	0.391311049744	0.426378964197
0.192613552140	0.981173285928	0.014106825078	-0.284754102340
-0.386521068110	0.062648256741	0.920150346321	0.716569250326
0.000000000000	0.000000000000	0.000000000000	1.000000000000
17	34	55
-0.870046989179	0.302427844233	-0.389301471423	0.745467777158
-0.132475212165	0.617222599028	0.775555659776	-0.918970043457
0.474835292266	0.726342661752	-0.496948471108	2.151781938505
0.000000000000	0.000000000000	0.000000000000	1.000000000000
17	47	55
0.803142141010	0.267395339249	-0.532411902460	2.514028997363
-0.244405217368	0.962843124396	0.114887804082	-0.155039476128
0.543349602979	0.037853009803	0.838652704396	0.167204169385
0.000000000000	0.000000000000	0.000000000000	1.000000000000
17	53	55
-0.896576065694	-0.073595633598	0.436732230479	-1.264287014508
0.225818703341	0.772324005014	0.593735247818	-0.964302025246
-0.380995107115	0.630951118546	-0.675827947306	2.487927664950
0.000000000000	0.000000000000	0.000000000000	1.000000000000
18	21	55
0.932816490627	-0.140909145566	0.331659475231	-0.018518987305
0.107723911149	0.987331727866	0.116497288016	-0.003123645972
-0.343873456058	-0.072942935533	0.936178601750	0.097494038593
0.000000000000	0.000000000000	0.000000000000	1.000000000000
18	34	55
-0.372469054133	0.467335743439	-0.801788068393	2.378103084623
-0.267424480311	0.773259120764	0.574938674543	-0.371177533270
0.888679329705	0.428564621801	-0.163038074991	1.369091304274
0.000000000000	0.000000000000	0.000000000000	1.000000000000
18	35	55
-0.203252326029	0.278526790822	-0.938675299962	1.944075101772
-0.298792950018	0.895313457846	0.330358267974	-0.350445184770
0.932422256804	0.347615648374	-0.098752701344	1.217536721630
0.000000000000	0.000000000000	0.000000000000	1.000000000000
18	43	55
-0.545880419484	0.633930388132	-0.547856578519	0.932092379229
-0.248880841954	0.501677566755	0.828479296979	-1.473198292094
0.800045557535	0.588601632701	-0.116082831847	3.299301294590
0.000000000000	0.000000000000	0.000000000000	1.000000000000
18	44	55
-0.418644704383	0.538010891277	-0.731628930783	0.869538426022
-0.127206512807	0.762943061816	0.633826780380	-1.478145983957
0.899196927592	0.358416190056	-0.250963583244	3.372812412951
0.000000000000	0.000000000000	0.000000000000	1.000000000000
18	46	55
-0.944119837858	0.138175690529	-0.299241057194	0.759330212515
-0.085835250930	0.773485935125	0.627974376755	-0.951691198492
0.318229542094	0.618568497993	-0.718403070587	2.897853954801
0.000000000000	0.000000000000	0.000000000000	1.000000000000
18	53	55
-0.972261248986	0.075855186998	-0.221255631171	1.018849831382
-0.067966502013	0.813508695206	0.577567448381	-0.854539096256
0.223804866622	0.576584420038	-0.785787368342	2.811650370251
0.000000000000	0.000000000000	0.000000000000	1.000000000000
18	54	55
-0.880996267080	0.197768560215	-0.429805972483	0.819908754721
-0.130055519669	0.772217043843	0.621905458250	-0.912617325673
0.454896844565	0.603795026303	-0.654599440129	3.016662093292
0.000000000000	0.000000000000	0.000000000000	1.000000000000
19	35	55
0.424172074127	0.252133272999	-0.869774030526	2.490211335420
-0.244128075718	0.956737691272	0.158286047226	0.344937135908
0.872054777051	0.145195739424	0.467374221664	-0.346455487489
0.000000000000	0.000000000000	0.000000000000	1.000000000000
19	44	55
0.188751712134	0.467962255927	-0.863356310103	3.107508322613
-0.088907150132	0.883692078976	0.459547416717	-0.689792328891
0.977991978404	-0.009981812632	0.208403583450	2.093575676603
0.000000000000	0.000000000000	0.000000000000	1.000000000000
19	45	55
0.045123141721	0.316483876380	-0.947524067279	3.144108840078
-0.205258543294	0.931190285900	0.301253351601	-0.274623898989
0.977667035593	0.180893912108	0.106979250682	1.894524105655
0.000000000000	0.000000000000	0.000000000000	1.000000000000
19	54	55
-0.412529240011	0.338071510124	-0.845888456109	2.748789074573
-0.206988681004	0.869506887449	0.448456752223	-0.190828521475
0.887116290050	0.360090858979	-0.288720039498	1.815307254359
0.000000000000	0.000000000000	0.000000000000	1.000000000000
20	21	55
0.879174524796	-0.216896964931	0.424273333541	0.158074022864
0.081483233985	0.945714138889	0.314619214424	0.081964488928
-0.469481243001	-0.242034035022	0.849121244794	-0.043450948839
0.000000000000	0.000000000000	0.000000000000	1.000000000000
20	34	55
-0.262586178269	0.470226876061	-0.842576515227	2.642819844257
-0.105968720679	0.853883616925	0.509561967758	0.046054155883
0.959072014616	0.223090685097	-0.174388695169	0.996061788568
0.000000000000	0.000000000000	0.000000000000	1.000000000000
20	35	55
-0.082994483791	0.267318290212	-0.960027524282	2.199265117742
-0.132882966011	0.951779723518	0.276509448743	0.032047699909
0.987650764696	0.150520063840	-0.043470419564	0.868278646573
0.000000000000	0.000000000000	0.000000000000	1.000000000000
20	37	55
0.869781027054	-0.212235378676	0.445462803179	0.026182467847
0.107551324951	0.962609830126	0.248626280682	-0.053115757637
-0.481574166125	-0.168340307066	0.860085962877	1.487428810790
0.000000000000	0.000000000000	0.000000000000	1.000000000000
20	43	55
-0.427757031087	0.688390033963	-0.585784161186	1.517272189223
-0.073640064726	0.619372570124	0.781635951223	-0.708328505743
0.900889040461	0.377487457431	-0.214247885075	3.285487409627
0.000000000000	0.000000000000	0.000000000000	1.000000000000
20	44	55
-0.265619237800	0.522550779391	-0.810177204980	1.530095630526
0.042697729331	0.845916484435	0.531603428574	-0.651054593476
0.963132038934	0.106611370501	-0.247003423578	3.269923976962
0.000000000000	0.000000000000	0.000000000000	1.000000000000
20	45	55
-0.468817919572	0.334459101552	-0.817524842239	1.564559698398
-0.074508883766	0.907267240378	0.413901655924	-0.404613404278
0.880146683530	0.254957376684	-0.400422965808	3.168869997601
0.000000000000	0.000000000000	0.000000000000	1.000000000000
20	46	55
-0.895867137204	0.168518600575	-0.411124742308	1.255177365101
-0.054326016330	0.876799744906	0.477777030928	-0.297356699798
0.440988385819	0.450359510384	-0.776341133123	2.779178507043
0.000000000000	0.000000000000	0.000000000000	1.000000000000
20	53	55
-0.940352077989	0.110479403073	-0.321764309578	1.448257577847
-0.041183674886	0.901878038516	0.430023148871	-0.241285383620
0.337700865182	0.417624598340	-0.843532939794	2.639270447292
0.000000000000	0.000000000000	0.000000000000	1.000000000000
20	54	55
-0.798721628364	0.225533289873	-0.557833752602	1.373256604496
-0.044725635365	0.902276605106	0.428831604968	-0.128911947523
0.600036147181	0.367466546828	-0.710580719580	2.893026162995
0.000000000000	0.000000000000	0.000000000000	1.000000000000
21	34	55
-0.693127200372	0.373717495351	-0.616368329632	1.722367855070
-0.275067595121	0.653254399201	0.705405208400	-0.796226454268
0.666267590551	0.658478491367	-0.349990820148	1.895582885663
0.000000000000	0.000000000000	0.000000000000	1.000000000000
21	35	55
-0.532171071720	0.254456689306	-0.807493494520	1.397339111918
-0.345613433110	0.805385496399	0.481565734915	-0.698051587013
0.772881171513	0.535355952108	-0.340659212797	1.556049630328
0.000000000000	0.000000000000	0.000000000000	1.000000000000
21	36	55
0.262049136739	0.336417420986	-0.904518418160	0.595868470091
-0.386477386907	0.895413763749	0.221064291775	-0.591393207341
0.884288120097	0.291646207836	0.364660129588	1.384642935654
0.000000000000	0.000000000000	0.000000000000	1.000000000000
21	43	55
-0.775332856107	0.508927398842	-0.373967732498	-0.338459885371
-0.230130411980	0.323762481299	0.917724277321	-1.842784649995
0.588131750310	0.797603133401	-0.133904017362	2.990383585626
0.000000000000	0.000000000000	0.000000000000	1.000000000000
21	45	55
-0.835758602615	0.228583509273	-0.499256584777	-0.304700179698
-0.189813432229	0.732909883809	0.653310005404	-1.534251291243
0.515245979219	0.640775063110	-0.569147519889	3.205364242339
0.000000000000	0.000000000000	0.000000000000	1.000000000000
21	46	55
-0.999624331223	0.008866071094	0.025934324943	-0.318612629815
0.024897616993	0.689351637759	0.723998914493	-1.253498695201
-0.011458843526	0.724372633596	-0.689313413914	2.719268801559
0.000000000000	0.000000000000	0.000000000000	1.000000000000
21	47	55
0.960083902894	0.108525139685	-0.257800685530	2.660621470608
-0.111375398284	0.993772005406	0.003566781171	0.342553907937
0.256582189679	0.025288244842	0.966191536194	-0.614078841172
0.000000000000	0.000000000000	0.000000000000	1.000000000000
21	53	55
-0.996608265124	0.003533678665	0.082216050758	0.000988239625
0.057044576645	0.749748357099	0.659259673651	-1.163539317573
-0.059311737139	0.661713619432	-0.747406986652	2.709595981952
0.000000000000	0.000000000000	0.000000000000	1.000000000000
21	54	55
-0.986484561689	0.089548410400	-0.137219866436	-0.270622832438
-0.035041604986	0.702779459215	0.710544240442	-1.194569979241
0.160063410778	0.705749327949	-0.690143166763	2.901752744475
0.000000000000	0.000000000000	0.000000000000	1.000000000000
22	24	55
0.758594919223	-0.244073635602	0.604120690701	0.481990521746
0.406505369760	0.901896333641	-0.146069804274	-0.616100883621
-0.509202447840	0.356386116127	0.783391219855	0.903839604723
0.000000000000	0.000000000000	0.000000000000	1.000000000000
22	33	55
-0.304037692253	-0.335484852176	0.891633891039	-1.520110254284
0.600455131424	0.659140131325	0.452755919259	-1.025343128136
-0.739604432678	0.673041010071	0.001040156605	2.262273450441
0.000000000000	0.000000000000	0.000000000000	1.000000000000
22	47	55
-0.712769975897	-0.201789892088	0.671743850668	-1.278899611245
0.476071106053	0.564140033849	0.674612721633	-1.195198544576
-0.515087626954	0.800641531311	-0.306035741213	1.874609006424
0.000000000000	0.000000000000	0.000000000000	1.000000000000
22	48	55
-0.458436475938	-0.266391437193	0.847862960460	-0.987896709662
0.613165902849	0.595778298035	0.518725163428	-1.269274432345
-0.643322293344	0.757683193545	-0.109784357293	1.941013449134
0.000000000000	0.000000000000	0.000000000000	1.000000000000
22	49	55
0.998212061182	-0.048270177056	0.035251537794	-1.754545506351
0.057896759366	0.927405014895	-0.369550948589	0.163210598553
-0.014854163213	0.370931163904	0.928541558295	0.252058469845
0.000000000000	0.000000000000	0.000000000000	1.000000000000
22	51	55
0.952582615086	0.190100572006	-0.237588160392	-1.431434471048
-0.265088964028	0.901804609283	-0.341286225662	0.106600917751
0.149379391436	0.388085324637	0.909436956702	0.019393699956
0.000000000000	0.000000000000	0.000000000000	1.000000000000
22	52	55
-0.442534847115	-0.154623153047	0.883320207870	-1.233757973169
0.549094757358	0.732049653865	0.403234735256	-1.338909686887
-0.708983678607	0.663471917128	-0.239054718949	2.048667779573
0.000000000000	0.000000000000	0.000000000000	1.000000000000
23	25	55
0.767868179702	-0.461071382194	0.444737719473	0.151345165325
0.295920284225	0.871029917118	0.392094464216	-0.112971310337
-0.568163395499	-0.169469950157	0.805276531391	0.355470633902
0.000000000000	0.000000000000	0.000000000000	1.000000000000
