0	1	60
0.994408352806	-0.022851756461	0.103101043134	0.001407960156
0.032134492279	0.995486898898	-0.089292824616	-0.116304606829
-0.100595239821	0.092106630319	0.990654816965	-0.011411879095
0.000000000000	0.000000000000	0.000000000000	1.000000000000
0	2	60
0.946490910219	-0.153777189340	0.283738493883	0.093279965906
0.146708453083	0.988103449138	0.046132457076	-0.066706713893
-0.287457104046	-0.002037115771	0.957791346533	-0.178862673045
0.000000000000	0.000000000000	0.000000000000	1.000000000000
1	2	60
0.976340979993	-0.115172345513	0.183012626928	0.127437404680
0.092541838932	0.987480842242	0.127740339174	0.019514734997
-0.195433617459	-0.107781802890	0.974776273887	-0.163640885555
0.000000000000	0.000000000000	0.000000000000	1.000000000000
1	34	60
0.412934007976	-0.388564499368	0.823713017311	-2.294644968537
0.155737717218	0.921227170613	0.356491603772	-0.752839597144
-0.897346793883	-0.018924321796	0.440920175941	1.478687866045
0.000000000000	0.000000000000	0.000000000000	1.000000000000
1	37	60
0.133136098003	-0.668441763667	0.731751588993	-1.615554507194
0.238660841559	0.738220704931	0.630928833956	-0.894792705554
-0.961933356379	0.090641046971	0.257814697970	1.967701243773
0.000000000000	0.000000000000	0.000000000000	1.000000000000
1	38	60
-0.326346592030	-0.510881977194	0.795297118848	-1.623327822910
0.162191401204	0.798618914693	0.579570339536	-0.928465837534
-0.931231362898	0.318131159229	-0.177765897410	2.199166486300
0.000000000000	0.000000000000	0.000000000000	1.000000000000
1	50	60
0.069708499576	-0.353407191124	0.932868738006	-2.608352953741
0.218123438817	0.917914920157	0.331442852981	-0.803789895211
-0.973428420854	0.180376153122	0.141072863653	3.531122592639
0.000000000000	0.000000000000	0.000000000000	1.000000000000
2	34	60
0.582911446567	-0.292794853837	0.757948163814	-2.774641349017
0.222984291736	0.954648817097	0.197290754103	-0.646087657798
-0.781340035516	0.054007495612	0.621764376044	1.082540960651
0.000000000000	0.000000000000	0.000000000000	1.000000000000
2	36	60
0.592713439623	-0.363518240917	0.718710836854	-2.498090367244
0.271109123087	0.930325477564	0.246970340677	-0.571980043401
-0.758413226328	0.048466424626	0.649969525297	1.252836732548
0.000000000000	0.000000000000	0.000000000000	1.000000000000
2	37	60
0.352263895188	-0.591067623737	0.725637107869	-2.213032336485
0.339465528096	0.803229239229	0.489475172489	-0.909219795019
-0.872165869191	0.073904353170	0.483595743572	1.635368122071
0.000000000000	0.000000000000	0.000000000000	1.000000000000
2	38	60
-0.121721753381	-0.484053320508	0.866531129077	-2.243623489302
0.323890198522	0.805863349923	0.495660569898	-0.980733746816
-0.938231823195	0.340993613072	0.058689026137	1.832219764048
0.000000000000	0.000000000000	0.000000000000	1.000000000000
3	4	60
0.734929490659	0.143344492379	-0.662820488718	0.080017979169
-0.111830121388	0.989640848079	0.090027861041	0.044983146770
0.668859228620	0.007959165652	0.743346476397	0.171851448094
0.000000000000	0.000000000000	0.000000000000	1.000000000000
3	6	60
0.682785472499	0.096567838060	-0.724208983096	0.290546601887
-0.107343420560	0.993729101433	0.031302763906	0.037888706760
0.722690382257	0.056365997002	0.688869716111	0.345605300457
0.000000000000	0.000000000000	0.000000000000	1.000000000000
3	31	60
0.950043580234	-0.070235792171	0.304112033887	-0.399887394727
-0.038533727865	0.940503546338	0.337591811428	0.265961127557
-0.309729474660	-0.332445503541	0.890812909483	-1.303020453078
0.000000000000	0.000000000000	0.000000000000	1.000000000000
3	47	60
-0.992830756917	0.085736600388	-0.083284593248	-0.580182078568
0.041151429190	0.899357851982	0.435272344577	-0.423430457690
0.112221423954	0.428724491290	-0.896438320563	4.251397436703
0.000000000000	0.000000000000	0.000000000000	1.000000000000
4	6	60
0.996428548716	0.008701613034	-0.083990649685	0.219877410849
-0.012878380751	0.998700194550	-0.049316008715	-0.008781649871
0.083452349357	0.050221542558	0.995245448143	-0.057918006228
0.000000000000	0.000000000000	0.000000000000	1.000000000000
4	7	60
0.999405847591	-0.022631738195	0.025995311655	0.446369586100
0.022109372789	0.999551279728	0.020209275831	-0.095726009945
-0.026441018072	-0.019622528405	0.999457767463	0.484254359498
0.000000000000	0.000000000000	0.000000000000	1.000000000000
6	7	60
0.995268643891	-0.037690305562	0.089553153787	0.333858147713
0.030931935609	0.996651319290	0.075692556546	-0.081173540893
-0.092106144453	-0.072564375719	0.993101641087	0.514610598646
0.000000000000	0.000000000000	0.000000000000	1.000000000000
8	9	60
0.958777195021	0.121957259069	-0.256656808341	0.354683723180
-0.101528933647	0.990620929691	0.091444241427	-0.103269659627
0.265401895132	-0.061616561232	0.962166946762	0.570820246596
0.000000000000	0.000000000000	0.000000000000	1.000000000000
8	10	60
0.650183348718	0.275837827029	-0.707937219130	0.631328224188
-0.222720919002	0.960031855287	0.169511737272	-0.150946513792
0.726400031173	0.047458719054	0.685631580878	0.661763506418
0.000000000000	0.000000000000	0.000000000000	1.000000000000
8	24	60
-0.553785081898	-0.228827596800	0.800599783918	-2.139987286190
0.241433613425	0.876063664353	0.417399408611	-0.647481241164
-0.796888883958	0.424441264420	-0.429904314565	2.393384975700
0.000000000000	0.000000000000	0.000000000000	1.000000000000
8	26	60
-0.120809274866	-0.334719382391	0.934541627836	-1.915641832563
0.199474936947	0.914048011802	0.353165657518	-0.684213580155
-0.972427307636	0.229083319279	-0.043657349801	2.751566076209
0.000000000000	0.000000000000	0.000000000000	1.000000000000
8	28	60
0.141517767940	-0.246957649655	0.958636865885	-1.987119436316
0.267568587643	0.941881367496	0.203141675860	-0.616609014640
-0.953089592989	0.227752955724	0.199371058318	2.629664490812
0.000000000000	0.000000000000	0.000000000000	1.000000000000
8	29	60
-0.289100543436	-0.486520057516	0.824450792601	-2.126617068403
0.303131106781	0.770384034497	0.560909949540	-0.665051127059
-0.908037668760	0.412076052479	-0.075239079522	2.323254163166
0.000000000000	0.000000000000	0.000000000000	1.000000000000
9	10	60
0.872465551041	0.160250735010	-0.461653077727	0.225920336596
-0.167106270376	0.985587748208	0.026311309048	-0.013644882361
0.459216023944	0.054189413280	0.886670260492	-0.009297062643
0.000000000000	0.000000000000	0.000000000000	1.000000000000
9	29	60
-0.591973188686	-0.410021071209	0.693866316406	-1.814887724541
0.338480551948	0.654839043459	0.675734225206	-1.025973668946
-0.731436025795	0.634876797754	-0.248862998139	2.299472522270
0.000000000000	0.000000000000	0.000000000000	1.000000000000
10	11	60
0.882481412254	0.116004204514	-0.455817487117	0.259905235560
-0.116169751835	0.992841202187	0.027765734238	-0.203268394981
0.455775323801	0.028449459997	0.889640085900	0.687814602755
0.000000000000	0.000000000000	0.000000000000	1.000000000000
11	12	60
0.993649087585	0.059157555593	-0.095717680485	0.175377758034
-0.044427190021	0.987793721032	0.149297653956	-0.246482021925
0.103381408039	-0.144097010052	0.984148533589	0.857133938300
0.000000000000	0.000000000000	0.000000000000	1.000000000000
11	15	60
0.298158788351	0.430346593469	-0.851999499072	1.366140743537
-0.309902782793	0.887887808498	0.340022800320	-0.758149445272
0.902807621892	0.162656229545	0.398097160055	2.284323105580
0.000000000000	0.000000000000	0.000000000000	1.000000000000
11	17	60
0.367650390192	0.587879120504	-0.720577081420	1.092989405827
-0.271025371999	0.808941234512	0.521688917689	-1.066015926198
0.889594535912	0.003495537398	0.456737717835	2.150158381890
0.000000000000	0.000000000000	0.000000000000	1.000000000000
12	13	60
0.972900499139	0.141940011714	-0.182531235271	0.569597974206
-0.124652645698	0.986841503435	0.102983323986	-0.224526609060
0.194746852851	-0.077439525910	0.977791789253	0.420481186323
0.000000000000	0.000000000000	0.000000000000	1.000000000000
12	14	60
0.819435763081	0.256732986774	-0.512458001876	1.072824393895
-0.269766884474	0.961606632054	0.050383660362	-0.443327852439
0.505718160862	0.096958025414	0.857232922304	0.828939336427
0.000000000000	0.000000000000	0.000000000000	1.000000000000
12	15	60
0.419851568723	0.418663430595	-0.805261194969	1.326875333992
-0.423518037658	0.875101453171	0.234157892108	-0.655138995485
0.802718588310	0.242731082765	0.544724232471	1.174490582948
0.000000000000	0.000000000000	0.000000000000	1.000000000000
12	16	60
0.642500840687	0.371286682361	-0.670327434332	1.104124868005
-0.318906000970	0.924979618302	0.206668014632	-1.022307255117
0.696772295848	0.080987068279	0.712705733462	1.171516073504
0.000000000000	0.000000000000	0.000000000000	1.000000000000
12	17	60
0.481721000036	0.560913787595	-0.673290873999	1.063136293404
-0.387117817981	0.825490258071	0.410737907712	-0.954849809470
0.786183612858	0.062781818353	0.614795714167	1.036537058337
0.000000000000	0.000000000000	0.000000000000	1.000000000000
12	18	60
0.645796207220	0.543126370914	-0.536619980953	0.943971622163
-0.368659798117	0.837289591113	0.403777282504	-0.987838792284
0.668608414539	-0.062927623759	0.740947300539	1.259693689098
0.000000000000	0.000000000000	0.000000000000	1.000000000000
12	21	60
0.131879238296	0.688100921868	-0.713529948797	0.525426240867
-0.512689155361	0.663411092952	0.545009680394	-1.144417802564
0.848385346692	0.293943605259	0.440272030052	1.761500050838
0.000000000000	0.000000000000	0.000000000000	1.000000000000
13	14	60
0.935033276388	0.133443378154	-0.328489934205	0.583395154298
-0.171895211255	0.980920726547	-0.090810597273	-0.169082967761
0.310104512052	0.141376776935	0.940131798499	0.269920848991
0.000000000000	0.000000000000	0.000000000000	1.000000000000
13	15	60
0.625982330268	0.327331307601	-0.707813773006	0.957328945704
-0.404898555404	0.912137667386	0.063734100500	-0.369093194284
0.666485770309	0.246696353437	0.703518036142	0.557162688070
0.000000000000	0.000000000000	0.000000000000	1.000000000000
13	16	60
0.811097593307	0.232720565202	-0.536620753106	0.788251060773
-0.256849763173	0.965963902117	0.030691024189	-0.728174805950
0.525498709123	0.112937497493	0.843265218285	0.549468454749
0.000000000000	0.000000000000	0.000000000000	1.000000000000
13	17	60
0.673957670596	0.444442807292	-0.590128502354	0.706675429562
-0.361610372438	0.895024812426	0.261091025674	-0.698298499194
0.644219680536	0.037432288045	0.763923966780	0.434565700866
0.000000000000	0.000000000000	0.000000000000	1.000000000000
13	18	60
0.812297117446	0.396735011231	-0.427521606299	0.621826892330
-0.311421511407	0.914798411169	0.257216852393	-0.762682119605
0.493143017006	-0.075797082965	0.866639929263	0.664624533418
0.000000000000	0.000000000000	0.000000000000	1.000000000000
14	15	60
0.854394797218	0.230093727048	-0.465903860534	0.495351356681
-0.229962754474	0.971466129758	0.058057646247	-0.085813359026
0.465968520440	0.057536384196	0.882928594198	0.178713800898
0.000000000000	0.000000000000	0.000000000000	1.000000000000
14	16	60
0.967701281022	0.077169096580	-0.239998252580	0.361118035894
-0.062465672932	0.995707964026	0.068291215245	-0.465953031631
0.244238142832	-0.051093844125	0.968368291859	0.235220983798
0.000000000000	0.000000000000	0.000000000000	1.000000000000
14	17	60
0.888548371897	0.264934739571	-0.374554901941	0.290513150966
-0.166665413598	0.947035739765	0.274492162943	-0.465138062963
0.427439388346	-0.181474216835	0.885642522644	0.167283394568
0.000000000000	0.000000000000	0.000000000000	1.000000000000
14	18	60
0.967197174007	0.190546354022	-0.167993194987	0.244947325816
-0.133139837196	0.943457099011	0.303582749965	-0.489471145537
0.216340958546	-0.271257791213	0.937878350513	0.398950402861
0.000000000000	0.000000000000	0.000000000000	1.000000000000
14	20	60
0.985701602314	0.115150269306	-0.123015310728	0.349288453016
-0.097992713199	0.985651724414	0.137434007145	-0.825438318442
0.137075816083	-0.123414316993	0.982842371394	0.920961141472
0.000000000000	0.000000000000	0.000000000000	1.000000000000
14	21	60
0.685734442183	0.521680949414	-0.507560106611	0.232692378483
-0.364067943732	0.849678237517	0.381446490397	-0.728070977925
0.630256144080	-0.076784631980	0.772580942776	1.039688738160
0.000000000000	0.000000000000	0.000000000000	1.000000000000
15	16	60
0.955386994498	-0.169143948442	0.242128097193	-0.034638814122
0.156287031419	0.985120243620	0.071501534394	-0.405211356318
-0.250619341941	-0.030470154513	0.967606074355	0.097113261528
0.000000000000	0.000000000000	0.000000000000	1.000000000000
15	17	60
0.997233530889	-0.070238413808	0.024327969426	-0.084288775689
0.062894053781	0.971749772670	0.227479048079	-0.399666163571
-0.039618466271	-0.225319649702	0.973479035516	0.065250720262
0.000000000000	0.000000000000	0.000000000000	1.000000000000
15	18	60
0.961449259115	-0.179067857461	0.208686426419	0.003782405150
0.106551750776	0.942221353552	0.317593522159	-0.451109762676
-0.253499598725	-0.283114152481	0.924978016015	0.282061745730
0.000000000000	0.000000000000	0.000000000000	1.000000000000
15	21	60
0.957966687622	0.227776009483	-0.174407324706	0.326459411325
-0.171237328748	0.941768644830	0.289395226047	-0.625903616329
0.230168639589	-0.247365941714	0.941186744610	0.856596385432
0.000000000000	0.000000000000	0.000000000000	1.000000000000
16	17	60
0.974593334302	0.139095067217	-0.175557383807	-0.056621879467
-0.103743997087	0.974987637644	0.196561159720	0.004319092691
0.198506966632	-0.173354171332	0.964646730923	-0.046288164336
0.000000000000	0.000000000000	0.000000000000	1.000000000000
16	18	60
0.998225503683	0.048493708510	0.034557257310	-0.033051534127
-0.055207785717	0.971168863423	0.231911921024	-0.025097608553
-0.022314663206	-0.233408223831	0.972122758120	0.179873163781
0.000000000000	0.000000000000	0.000000000000	1.000000000000
16	19	60
0.945147166892	-0.129507310249	0.299874456244	0.241235975347
0.071943891466	0.978034828189	0.195632183777	-0.435419366071
-0.318623460210	-0.163327068916	0.933704106858	0.762135314711
0.000000000000	0.000000000000	0.000000000000	1.000000000000
16	20	60
0.994342664881	0.015081801466	0.105143730497	0.200356398350
-0.018186672136	0.999424510330	0.028633775665	-0.335277665015
-0.104651372446	-0.030383999354	0.994044718727	0.631939263607
0.000000000000	0.000000000000	0.000000000000	1.000000000000
16	21	60
0.838955112589	0.428087657867	-0.335998922979	0.096598052101
-0.339667654329	0.894301565590	0.291291253534	-0.302578720177
0.425182553340	-0.130252320380	0.895686401243	0.787991055667
0.000000000000	0.000000000000	0.000000000000	1.000000000000
17	18	60
0.976251007027	-0.110874249197	0.186120584955	0.088644855376
0.097669802389	0.992102003521	0.078703394536	-0.085011031116
-0.193376785008	-0.058655907419	0.979369646020	0.201939418175
0.000000000000	0.000000000000	0.000000000000	1.000000000000
17	21	60
0.933976325362	0.295702552380	-0.200619600685	0.373832210135
-0.285197785621	0.955118573808	0.080067053416	-0.412315300651
0.215291538941	-0.017564466464	0.976391848992	0.722323626093
0.000000000000	0.000000000000	0.000000000000	1.000000000000
17	22	60
0.604670931655	0.648294212071	-0.462696097895	0.330801032514
-0.588199902600	0.755163926736	0.289393017084	-0.244973596469
0.537023220161	0.097170254460	0.837952267528	0.752695889999
0.000000000000	0.000000000000	0.000000000000	1.000000000000
18	19	60
0.953996663236	-0.174952576503	0.243478874873	0.333356153009
0.187377259841	0.981870013256	-0.028653787924	-0.484124608934
-0.234051552076	0.072958022471	0.969482850765	0.470032543200
0.000000000000	0.000000000000	0.000000000000	1.000000000000
18	20	60
0.996449650362	-0.036915223648	0.075666112335	0.253112692817
0.050725381437	0.980545268503	-0.189625715804	-0.401703538418
-0.067193972727	0.192790670622	0.978936528765	0.368376552446
0.000000000000	0.000000000000	0.000000000000	1.000000000000
18	21	60
0.848003503476	0.384933384764	-0.364302549246	0.132901122146
-0.395143670202	0.917287882394	0.049441083248	-0.390661503948
0.353201837470	0.102025634563	0.929967328405	0.527717112675
0.000000000000	0.000000000000	0.000000000000	1.000000000000
19	20	60
0.977722812686	0.089647413094	-0.189793158145	-0.036110872914
-0.120079971849	0.980517689629	-0.155453725222	0.128480692519
0.172159524610	0.174781010554	0.969439372233	-0.124848606219
0.000000000000	0.000000000000	0.000000000000	1.000000000000
20	21	60
0.801493445282	0.422857366997	-0.422847377130	-0.132322993778
-0.358883827357	0.905732592595	0.225501372885	0.058395214281
0.478341567952	-0.028984787177	0.877695406437	0.132938322483
0.000000000000	0.000000000000	0.000000000000	1.000000000000
21	22	60
0.845185018424	0.419239173672	-0.331512895511	-0.092425085916
-0.399901816746	0.907552051035	0.128171024904	0.133704733298
0.354599522835	0.024244379145	0.934703904178	0.049691931840
0.000000000000	0.000000000000	0.000000000000	1.000000000000
22	23	60
0.973471598495	-0.003307523670	-0.228783974988	-0.073530878422
-0.100741959542	0.891565752682	-0.441544523500	-0.078238572961
0.205436375825	0.452879199050	0.867580732010	-0.133690867318
0.000000000000	0.000000000000	0.000000000000	1.000000000000
23	31	60
0.993110437029	0.075954028492	-0.089233656315	-0.853028372507
-0.063223133898	0.988451266451	0.137720474845	-0.339686923964
0.098663545464	-0.131130009559	0.986443320921	0.731926806302
0.000000000000	0.000000000000	0.000000000000	1.000000000000
23	32	60
0.955339322021	-0.134931782029	0.262907196552	-0.836367960367
0.047900409202	0.948611292619	0.312797324659	-0.559749995830
-0.291603035990	-0.286234221773	0.912708956726	0.695671212121
0.000000000000	0.000000000000	0.000000000000	1.000000000000
23	42	60
0.062306970298	-0.446431327840	0.892646016613	-2.820634364200
0.426533213286	0.820504946509	0.380579887431	-0.970343719556
-0.902323256608	0.357030394051	0.241540966107	2.531778871337
0.000000000000	0.000000000000	0.000000000000	1.000000000000
24	25	60
0.833657089466	0.132142131094	-0.536240910760	-0.015659982242
-0.167914937834	0.985634152885	-0.018162882980	0.008790754081
0.526137273755	0.105184475356	0.843869536901	0.090653035926
0.000000000000	0.000000000000	0.000000000000	1.000000000000
24	26	60
0.798760706934	0.242800029336	-0.550481133930	-0.010529701851
-0.217090963621	0.969627424484	0.112668412623	-0.002800615796
0.561117498009	0.029509378904	0.827209979379	0.110661209852
0.000000000000	0.000000000000	0.000000000000	1.000000000000
24	28	60
0.650701290543	0.211523085488	-0.729277597895	0.013575908563
-0.217315518483	0.972121280301	0.088057832205	0.024062628904
0.727572536529	0.101183994247	0.678527820650	0.088579676700
0.000000000000	0.000000000000	0.000000000000	1.000000000000
24	29	60
0.960304103479	0.117279813183	-0.253103682829	0.051435316965
-0.065841449727	0.976984954664	0.202892340562	0.096363266378
0.271073665891	-0.178173633797	0.945924533924	0.054978523788
0.000000000000	0.000000000000	0.000000000000	1.000000000000
24	30	60
0.996008499374	0.016815663091	-0.087660154288	-0.129569691164
-0.025817415179	0.994388626172	-0.102590063915	-0.120080645390
0.085443140442	0.104443734209	0.990853660303	0.415056987295
0.000000000000	0.000000000000	0.000000000000	1.000000000000
24	31	60
0.912691994270	-0.130270860232	0.387327802475	-0.372608965179
0.059887350567	0.980232714705	0.188566514166	-0.299804596937
-0.404236105312	-0.148907111976	0.902452127908	0.965570961340
0.000000000000	0.000000000000	0.000000000000	1.000000000000
25	26	60
0.998065187936	0.053146130339	-0.032270256587	0.002910848879
-0.049143825660	0.992242147257	0.114194595342	0.010513511829
0.038088909537	-0.112387766397	0.992934149345	0.011229541044
0.000000000000	0.000000000000	0.000000000000	1.000000000000
25	27	60
0.901007120612	0.103417776215	-0.421296726985	0.026084368549
-0.091142833243	0.994620151150	0.049231482556	-0.004248421473
0.424121624719	-0.005959739008	0.905585627623	0.054276064932
0.000000000000	0.000000000000	0.000000000000	1.000000000000
25	28	60
0.960769971996	0.068115275667	-0.268851948351	0.017004830280
-0.052357792380	0.996487186014	0.065360153657	0.006029270322
0.272359546350	-0.048719578505	0.960961331263	-0.010397277863
0.000000000000	0.000000000000	0.000000000000	1.000000000000
25	29	60
0.954202080950	-0.155215095846	0.255747263391	0.011192471027
0.092611436732	0.966140691337	0.240822105151	0.144461809034
-0.284467063993	-0.206107832371	0.936268151193	-0.078148854847
0.000000000000	0.000000000000	0.000000000000	1.000000000000
26	27	60
0.921638098764	0.073030438750	-0.381116478158	0.028358657736
-0.113786110857	0.989820056289	-0.085492556079	-0.008148551203
0.370993174982	0.122158958676	0.920565724396	0.043316976892
0.000000000000	0.000000000000	0.000000000000	1.000000000000
26	28	60
0.976406889002	0.002646648156	-0.215922630502	-0.021218382457
-0.021215471950	0.996263010942	-0.083725245761	0.047889972437
0.214894138727	0.086330807256	0.972814217032	-0.024432926359
0.000000000000	0.000000000000	0.000000000000	1.000000000000
26	29	60
0.935522004042	-0.213580005752	0.281393249912	-0.012762947199
0.167155297920	0.969355697694	0.180023992081	0.072402319761
-0.311219675359	-0.121380033325	0.942554614428	-0.087936254251
0.000000000000	0.000000000000	0.000000000000	1.000000000000
27	28	60
0.983739320308	-0.073666460074	0.163799274539	-0.065465993051
0.070998208441	0.997231747151	0.022092914518	0.032914088601
-0.164973343535	-0.010104213675	0.986246267820	-0.050164920704
0.000000000000	0.000000000000	0.000000000000	1.000000000000
28	29	60
0.838137459395	-0.259234590600	0.479919812256	-0.009236857287
0.145393656008	0.954189868209	0.261500248950	0.016665928620
-0.525724532385	-0.149395858191	0.837433336812	-0.053665925171
0.000000000000	0.000000000000	0.000000000000	1.000000000000
29	30	60
0.977839792146	-0.032020515295	0.206891342243	-0.080657747749
0.090883512766	0.955184746468	-0.281713129303	-0.309062853104
-0.188598854721	0.294273319746	0.936927790859	0.357105044310
0.000000000000	0.000000000000	0.000000000000	1.000000000000
29	31	60
0.769400915886	-0.229408354337	0.596149341688	-0.117321483922
0.230223579796	0.970149858423	0.076199445594	-0.607236787005
-0.595834988852	0.078619712306	0.799249402187	0.873345391137
0.000000000000	0.000000000000	0.000000000000	1.000000000000
30	31	60
0.909544810426	-0.130988408449	0.394423978327	-0.114833799776
0.006912288322	0.953670210921	0.300774581824	-0.154159086195
-0.415548382378	-0.270841587747	0.868311220848	0.553002118978
0.000000000000	0.000000000000	0.000000000000	1.000000000000
30	32	60
0.670491576022	-0.360449293254	0.648473093872	-0.093622899387
0.029000546150	0.886115625978	0.462556013604	-0.352455224307
-0.741350129700	-0.291333836674	0.604586288963	0.536933666731
0.000000000000	0.000000000000	0.000000000000	1.000000000000
31	32	60
0.917801212648	-0.225463297173	0.326813763005	0.042814908411
0.162591822560	0.964371127030	0.208691707042	-0.217070142489
-0.362222077321	-0.138400256428	0.921759478238	-0.066637382405
0.000000000000	0.000000000000	0.000000000000	1.000000000000
31	33	60
0.963300855095	-0.060723574376	0.261465313355	-0.118821777052
0.082960423442	0.993737373552	-0.074857201043	-0.470008942137
-0.255282256953	0.093801278886	0.962305715126	0.418717139561
0.000000000000	0.000000000000	0.000000000000	1.000000000000
31	47	60
0.040919892944	-0.303477390037	0.951959576924	-2.251996957865
0.569832222621	0.789711490298	0.227259763604	-0.732383193573
-0.820741616115	0.533157796367	0.205246105320	1.773766506695
0.000000000000	0.000000000000	0.000000000000	1.000000000000
31	48	60
0.537514919306	-0.257520616499	0.802970014136	-2.385638017230
0.471901405410	0.881020622682	-0.033342555111	-0.716785440602
-0.698846746501	0.396844798993	0.595086069756	1.638210308581
0.000000000000	0.000000000000	0.000000000000	1.000000000000
33	34	60
0.862747220200	0.144856072801	-0.484441897662	-0.235085536880
-0.169908940794	0.985427832649	-0.007933377581	-0.276734955485
0.476233331337	0.089155509163	0.874787465222	0.646382833384
0.000000000000	0.000000000000	0.000000000000	1.000000000000
33	36	60
0.881915735908	0.114734334986	-0.457231524649	-0.514903729887
-0.098410437808	0.993368379152	0.059452914404	-0.318041861485
0.461020629135	-0.007436106238	0.887358261266	0.936204680453
0.000000000000	0.000000000000	0.000000000000	1.000000000000
33	38	60
0.969269028667	-0.197120167629	0.147177408528	-0.999700610713
0.184174902577	0.978088797617	0.097066519651	-0.641591650795
-0.163086343168	-0.066977186341	0.984335766485	1.173207354424
0.000000000000	0.000000000000	0.000000000000	1.000000000000
33	41	60
0.473160152708	-0.472357452071	0.743638290678	-1.526245921961
0.379144284399	0.871118936506	0.312091989753	-0.412800513848
-0.795216374012	0.134276714040	0.591270397170	1.203214219349
0.000000000000	0.000000000000	0.000000000000	1.000000000000
33	42	60
0.239226013142	-0.520947676707	0.819380517690	-1.940963967919
0.470379485702	0.800426418939	0.371565185796	-0.294031434005
-0.849419833808	0.296531728485	0.436525921263	1.027456056793
0.000000000000	0.000000000000	0.000000000000	1.000000000000
33	47	60
0.328604368087	-0.365369451108	0.870933024676	-2.450156799304
0.494824985479	0.852051967838	0.170750337769	0.044480789234
-0.804467154718	0.374850114445	0.460781931808	0.728334786002
0.000000000000	0.000000000000	0.000000000000	1.000000000000
33	48	60
0.748949520459	-0.276087373432	0.602370631784	-2.476033881874
0.360639709300	0.932468452560	-0.021013925307	-0.007439163058
-0.555889931443	0.232977138819	0.797939870484	0.575937074870
0.000000000000	0.000000000000	0.000000000000	1.000000000000
34	35	60
0.948755733040	0.047906559650	-0.312358000643	-0.147053466242
-0.112211060355	0.975100745821	-0.191277843549	-0.074031996209
0.295417055968	0.216525973133	0.930508068746	0.020798329768
0.000000000000	0.000000000000	0.000000000000	1.000000000000
34	36	60
0.998099210571	-0.055619852601	-0.026540494616	0.008986766758
0.057089439746	0.996667322548	0.058267006395	-0.019836932402
0.023211241401	-0.059671435053	0.997948174061	0.369576183027
0.000000000000	0.000000000000	0.000000000000	1.000000000000
34	37	60
0.951925052635	-0.257326162120	0.166198497150	-0.188888895080
0.202883909476	0.936100029022	0.287323606656	-0.423255068778
-0.229514298992	-0.239791538538	0.943304407179	0.765492396399
0.000000000000	0.000000000000	0.000000000000	1.000000000000
35	50	60
0.761526258995	-0.205922931468	0.614551465019	-1.606737885102
0.099490850649	0.974088029519	0.203111007545	0.125830775211
-0.640452439685	-0.093532117714	0.762281060671	1.213056034674
0.000000000000	0.000000000000	0.000000000000	1.000000000000
36	37	60
0.961709233251	-0.205158544076	0.181728705692	-0.174681291084
0.163339328383	0.961485755170	0.221055211222	-0.421505084257
-0.220080927123	-0.182907392955	0.958180187188	0.366031362216
0.000000000000	0.000000000000	0.000000000000	1.000000000000
36	48	60
0.363963291729	-0.221835911424	0.904610165031	-1.937168200675
0.437315450026	0.898215559907	0.044317097266	0.073233966999
-0.822366049544	0.379470204817	0.423929763302	0.628876362875
0.000000000000	0.000000000000	0.000000000000	1.000000000000
36	49	60
0.827935841904	-0.137070850231	0.543814144454	-1.940824566677
0.240540303471	0.962743972719	-0.123549202344	0.136246596025
-0.506618795642	0.233100032198	0.830061305502	0.425735171807
0.000000000000	0.000000000000	0.000000000000	1.000000000000
37	38	60
0.881302156820	-0.180315791440	0.436798264353	-0.314355279744
0.253481463003	0.960488174025	-0.114933091286	-0.011646956682
-0.398815316028	0.212011044326	0.892187009985	0.056450084717
0.000000000000	0.000000000000	0.000000000000	1.000000000000
37	49	60
0.934246486261	-0.019653692271	0.356085994232	-1.688195835811
0.163968122597	0.910358582057	-0.379949610932	0.873376061203
-0.316698528068	0.413353340927	0.853721885548	-0.113059185172
0.000000000000	0.000000000000	0.000000000000	1.000000000000
38	39	60
0.935496082871	-0.114394008142	0.334306879730	0.161622829011
0.163814174864	0.978730225268	-0.123499239918	0.134934722387
-0.313068674651	0.170297260835	0.934337651978	0.062343002831
0.000000000000	0.000000000000	0.000000000000	1.000000000000
39	40	60
0.897557455683	-0.123641053075	0.423206218933	-0.189536599234
0.132563379497	0.991138790405	0.008417159323	0.094019002718
-0.420496806367	0.048546762500	0.905994286784	-0.004221227413
0.000000000000	0.000000000000	0.000000000000	1.000000000000
40	41	60
0.998202662785	-0.012888628550	0.058526295487	-0.204124691733
0.007439899794	0.995696077338	0.092379486166	0.270107110090
-0.059465047720	-0.091778019304	0.994002365828	-0.453100377249
0.000000000000	0.000000000000	0.000000000000	1.000000000000
41	42	60
0.971907615084	-0.123651531863	0.200264541069	-0.054885955172
0.121280965785	0.992325334217	0.024111375110	0.166239650461
-0.201708986116	0.000854247874	0.979445126171	-0.381456033634
0.000000000000	0.000000000000	0.000000000000	1.000000000000
41	43	60
0.833887994410	-0.178092323256	0.522411654901	-0.067933789202
0.260136331973	0.961606269368	-0.087421230258	0.215315103628
-0.486785272546	0.208797766055	0.848200207099	-0.613445334438
0.000000000000	0.000000000000	0.000000000000	1.000000000000
41	44	60
0.838061620961	-0.133632019575	0.528956711667	-0.240946632765
0.274007132736	0.941485681107	-0.196277363646	0.438140302172
-0.471776229459	0.309430437440	0.825639142545	-0.426687215600
0.000000000000	0.000000000000	0.000000000000	1.000000000000
41	45	60
0.772349538180	-0.157912305494	0.615255958644	-0.429438415422
0.341703723312	0.919803495969	-0.192873259621	0.358780031881
-0.535457520581	0.359200824854	0.764369028073	-0.285643378319
0.000000000000	0.000000000000	0.000000000000	1.000000000000
41	46	60
0.916813052722	-0.057898628950	0.395096918647	-0.052795441231
0.171278867434	0.950810535744	-0.258114073017	0.579878509026
-0.360717861949	0.304314103986	0.881632321428	-0.545327739174
0.000000000000	0.000000000000	0.000000000000	1.000000000000
41	47	60
0.990915557970	-0.078183217130	0.109424592905	0.119111051263
0.096689215176	0.979702584520	-0.175596245842	0.656232900870
-0.093474877063	0.184581229935	0.978362007088	-0.828472301853
0.000000000000	0.000000000000	0.000000000000	1.000000000000
41	48	60
0.927047449758	0.085610867160	-0.365039457212	0.204615137576
-0.154450196314	0.974339251085	-0.163731978100	0.652517360139
0.341655034730	0.208167728571	0.916481333157	-0.957174566239
0.000000000000	0.000000000000	0.000000000000	1.000000000000
42	43	60
0.923341364734	-0.066225701964	0.378225964962	-0.114592659709
0.127745327256	0.981885817503	-0.139933458295	-0.012731465063
-0.362107519304	0.177522950025	0.915075814716	-0.195887542416
0.000000000000	0.000000000000	0.000000000000	1.000000000000
42	44	60
0.939047294385	-0.074801763626	0.335551598217	-0.159587613231
0.163225976968	0.956023556686	-0.243672402014	0.231990998885
-0.302568106962	0.283590647270	0.909960925222	-0.080637328387
0.000000000000	0.000000000000	0.000000000000	1.000000000000
42	45	60
0.890259264230	-0.069767174106	0.450078864057	-0.447931101591
0.208354579300	0.941117900621	-0.266243246705	0.212700249994
-0.405002236708	0.330801509290	0.852375239969	0.063066340235
0.000000000000	0.000000000000	0.000000000000	1.000000000000
42	46	60
0.985427448380	0.017585276995	0.169184816142	0.082673189619
0.028416023589	0.963644255552	-0.265673254856	0.274251954605
-0.167705913979	0.266609277362	0.949101796248	-0.161227490970
0.000000000000	0.000000000000	0.000000000000	1.000000000000
42	47	60
0.990484605624	0.008396015737	-0.137367219310	0.366762502907
-0.030294416364	0.986956063587	-0.158113809917	0.371296905559
0.134247883999	0.160770754395	0.977819139807	-0.377699088274
0.000000000000	0.000000000000	0.000000000000	1.000000000000
42	48	60
0.823097042306	0.159153431173	-0.545143507981	0.391532952014
-0.268934837989	0.954704269766	-0.127333460670	0.471146434457
0.500185277536	0.251415875864	0.828616162949	-0.523260365320
0.000000000000	0.000000000000	0.000000000000	1.000000000000
43	44	60
0.999196851206	-0.030991543836	-0.025400329735	-0.108431064459
0.028279044526	0.994488554296	-0.100959452331	0.269897950122
0.028389226489	0.100160069813	0.994566243261	0.050468737191
0.000000000000	0.000000000000	0.000000000000	1.000000000000
43	45	60
0.991896627220	-0.064042869340	0.109725073688	-0.456844894290
0.079517108719	0.986519897785	-0.143022797818	0.293278405343
-0.099086378125	0.150588851384	0.983618263102	0.097733543635
0.000000000000	0.000000000000	0.000000000000	1.000000000000
43	46	60
0.969185144445	0.053388686659	-0.240478281606	0.255752912344
-0.079310488181	0.991878491309	-0.099432916799	0.268311722458
0.233216642313	0.115441355742	0.965548181673	0.086176412773
0.000000000000	0.000000000000	0.000000000000	1.000000000000
43	47	60
0.857088036584	0.057735657748	-0.511924497723	0.581881416103
-0.048441668239	0.998329501138	0.031489870379	0.293730171279
0.512887416810	-0.002191114493	0.858453083572	-0.027583023472
0.000000000000	0.000000000000	0.000000000000	1.000000000000
44	45	60
0.993661929500	-0.012733840558	0.111686253260	-0.301752621680
0.017422102415	0.999003048815	-0.041102053538	0.033764675368
-0.111051520521	0.042787355167	0.992893147336	0.037460394023
0.000000000000	0.000000000000	0.000000000000	1.000000000000
44	46	60
0.979251150722	0.098909591929	-0.176873051748	0.273765860679
-0.100456501901	0.994941429038	0.000209786938	0.015019765427
0.175999076805	0.017562613959	0.984233650895	0.003788241426
0.000000000000	0.000000000000	0.000000000000	1.000000000000
44	47	60
0.881326022192	0.107922182672	-0.460018744285	0.643796864100
-0.050594547257	0.989523720322	0.135214639397	0.006354549210
0.469792118276	-0.095893740185	0.877553278268	-0.116410962432
0.000000000000	0.000000000000	0.000000000000	1.000000000000
45	46	60
0.952159097974	0.112814667588	-0.284017434186	0.570696459951
-0.102651538957	0.993436315978	0.050467292823	-0.041030398466
0.287846684356	-0.018898065301	0.957490025762	0.030272228340
0.000000000000	0.000000000000	0.000000000000	1.000000000000
45	47	60
0.811822317935	0.157190233253	-0.562348428177	0.966718436652
-0.054655605528	0.979311212605	0.194839199469	-0.079742248817
0.581340940316	-0.127439316678	0.803618025978	-0.045122616864
0.000000000000	0.000000000000	0.000000000000	1.000000000000
46	47	60
0.952221040234	0.007073600186	-0.305327782416	0.318005363157
0.027154113149	0.993811566691	0.107708978501	0.030258432341
0.304200172048	-0.110853660702	0.946136206492	-0.182227133047
0.000000000000	0.000000000000	0.000000000000	1.000000000000
46	48	60
0.737649097009	0.133797126703	-0.661794634737	0.300142852135
-0.069969016935	0.990039729453	0.122170662495	-0.025622523706
0.671549064738	-0.043813958865	0.739663565858	-0.366473328117
0.000000000000	0.000000000000	0.000000000000	1.000000000000
47	48	60
0.867874409185	0.142833625949	-0.475807277350	0.139015732518
-0.150750805305	0.988333164763	0.021719809621	0.001788036104
0.473358431404	0.052878263288	0.879281345583	-0.095158084964
0.000000000000	0.000000000000	0.000000000000	1.000000000000
48	49	60
0.830943076086	0.182754019330	-0.525485083255	0.162889945818
-0.174621553987	0.982451176928	0.065551489959	0.029406392091
0.528243236765	0.037291465127	0.848273793913	-0.088941064173
0.000000000000	0.000000000000	0.000000000000	1.000000000000
48	50	60
0.673180676007	0.310791863225	-0.670996419666	0.225802620583
-0.257559525300	0.949117776973	0.181214062263	-0.041567052271
0.693174486243	0.050831714391	0.718975151472	-0.184522759155
0.000000000000	0.000000000000	0.000000000000	1.000000000000
49	50	60
0.962409832935	0.124981496831	-0.241136763933	0.074452138217
-0.114273195770	0.991757786145	0.057949377477	-0.004201128094
0.246391863094	-0.028215582064	0.968759480330	-0.128967588118
0.000000000000	0.000000000000	0.000000000000	1.000000000000
49	51	60
0.933266869460	0.059888610236	-0.354155763375	-0.028666352475
-0.054199517502	0.998192328975	0.025970881335	-0.326918672539
0.355070926253	-0.005042691625	0.934825763761	0.032828804315
0.000000000000	0.000000000000	0.000000000000	1.000000000000
50	51	60
0.988518307248	-0.047917633089	-0.143301977216	0.040555521888
0.041309595158	0.997956910544	-0.048739327506	-0.309104186242
0.145344671669	0.042259970858	0.988478133941	0.100541295163
0.000000000000	0.000000000000	0.000000000000	1.000000000000
51	55	60
0.848401641105	0.210843368686	-0.485550954331	1.438816304026
-0.158666508329	0.976367529695	0.146735769638	-0.119691679894
0.505014449798	-0.047450193230	0.861805595629	0.765623547989
0.000000000000	0.000000000000	0.000000000000	1.000000000000
52	53	60
0.904012146556	0.188709219593	-0.383602488677	0.591869445784
-0.169658830176	0.981980265140	0.083250466779	0.042913538495
0.392400204156	-0.010177883693	0.919738272805	-0.041231328961
0.000000000000	0.000000000000	0.000000000000	1.000000000000
52	54	60
0.823761809976	0.110713455755	-0.556020693086	1.079361551330
-0.167421938774	0.984512651082	-0.052007059878	0.103494462273
0.541651525284	0.135931492211	0.829539784810	-0.162526190096
0.000000000000	0.000000000000	0.000000000000	1.000000000000
52	55	60
0.976048043063	0.023270278736	-0.216306984999	1.207093414147
-0.023806381472	0.999716579849	0.000127186932	0.143421479012
0.216248638916	0.005025346044	0.976325392512	-0.198644389398
0.000000000000	0.000000000000	0.000000000000	1.000000000000
53	54	60
0.985797399361	-0.018478904313	-0.166919194549	0.377920622735
-0.007810450655	0.987807664064	-0.155483168471	0.139741740312
0.167757218247	0.154578617256	0.973633897732	-0.312705465208
0.000000000000	0.000000000000	0.000000000000	1.000000000000
53	55	60
0.976776184906	-0.115569825094	0.180421451406	0.505075809455
0.126988793391	0.990485067957	-0.053039386378	0.205812614179
-0.172575000950	0.074719111892	0.982158298527	-0.383045885126
0.000000000000	0.000000000000	0.000000000000	1.000000000000
53	56	60
0.862294240806	0.290849615341	-0.414554150296	0.440542758310
-0.200153476556	0.947706565198	0.248577658092	0.296213856434
0.465174406105	-0.131372628563	0.875416474811	-0.337515341769
0.000000000000	0.000000000000	0.000000000000	1.000000000000
53	58	60
0.688026782781	0.080623975498	-0.721192707084	0.520006293506
-0.244604273219	0.961417671541	-0.125876170782	0.234254226833
0.683218775869	0.263012994779	0.681202076390	-0.532072880133
0.000000000000	0.000000000000	0.000000000000	1.000000000000
54	55	60
0.927561952605	-0.134732996478	0.348533848773	0.098805517605
0.104929284578	0.989119509967	0.103113724794	0.053610933090
-0.358634450824	-0.059072960507	0.931607060954	-0.097222200175
0.000000000000	0.000000000000	0.000000000000	1.000000000000
56	57	60
0.961735365894	0.040449907848	-0.270977657647	-0.024620775846
-0.168495520175	0.867214236381	-0.468560271363	0.064186631647
0.216042462654	0.496289505403	0.840846229198	-0.219261852619
0.000000000000	0.000000000000	0.000000000000	1.000000000000
56	58	60
0.958054430526	0.005720286173	-0.286529207019	0.009741263340
-0.137804924376	0.885823596312	-0.443087304077	0.059465118233
0.251279746431	0.463986890485	0.849455504715	-0.196001862384
0.000000000000	0.000000000000	0.000000000000	1.000000000000
56	59	60
0.800484087792	0.303753124320	-0.516681008609	0.090684970120
-0.357958370121	0.933720449479	-0.005650441092	-0.115032293647
0.480719284461	0.189473379897	0.856159335555	0.258504362270
0.000000000000	0.000000000000	0.000000000000	1.000000000000
57	58	60
0.999972643744	-0.001387577149	-0.007265424521	-0.001816888815
0.001572749178	0.999672477576	0.025543375592	0.011871746668
0.007227601527	-0.025554103511	0.999647312591	0.017395855954
0.000000000000	0.000000000000	0.000000000000	1.000000000000
58	59	60
0.935016824926	0.217028814725	-0.280431864604	0.213674051185
-0.102494756837	0.922483888077	0.372180468401	0.086034883960
0.339467762721	-0.319252204091	0.884782271667	0.425623685725
0.000000000000	0.000000000000	0.000000000000	1.000000000000
