0	1	66
0.981564175576	-0.054277835977	0.183263978313	-0.454639321212
0.055148498720	0.998478103544	0.000346167595	0.024835825200
-0.183003858742	0.009766947564	0.983063677704	0.102600570263
0.000000000000	0.000000000000	0.000000000000	1.000000000000
0	2	66
0.843123282847	-0.025861375509	0.537098053597	-0.683565283491
0.079654538195	0.993829652006	-0.077186639640	0.007171166321
-0.531787819027	0.107860150430	0.839980894714	0.130506040095
0.000000000000	0.000000000000	0.000000000000	1.000000000000
0	5	66
0.400164096649	0.012180212070	0.916362558263	-0.988175149909
0.231069947367	0.966264908458	-0.113748872989	0.045866255754
-0.886834468870	0.257262063112	0.383850043255	0.036562993190
0.000000000000	0.000000000000	0.000000000000	1.000000000000
0	6	66
0.697192201050	-0.129747258574	0.705045164289	-0.863395050595
0.217003397099	0.975541019283	-0.035060595309	0.045694900661
-0.683251462086	0.177441169373	0.708295186324	0.224383435827
0.000000000000	0.000000000000	0.000000000000	1.000000000000
0	7	66
0.694396083506	0.006521085253	0.719563447278	-0.747638288206
-0.001768186196	0.999971381305	-0.007355956002	-0.150572165263
-0.719590823127	0.003835624884	0.694387741289	0.464884378421
0.000000000000	0.000000000000	0.000000000000	1.000000000000
0	34	66
0.614514593000	0.409951770761	-0.674026231418	0.748280908314
-0.259680159936	0.911881225924	0.317866079259	-0.243329500412
0.744941628267	-0.020302104748	0.666820661810	0.562981411746
0.000000000000	0.000000000000	0.000000000000	1.000000000000
0	35	66
0.871616748018	0.278939923298	-0.403084065383	1.009745116924
-0.204486414196	0.954245473565	0.218176264955	-0.242512169158
0.445499215470	-0.107740871405	0.888775761171	0.572700414333
0.000000000000	0.000000000000	0.000000000000	1.000000000000
0	36	66
0.987508744582	0.092014020172	-0.127905822640	0.935128582471
-0.074244848035	0.987735870457	0.137351930285	-0.174219296191
0.138975472346	-0.126139883877	0.982229376359	0.428348215848
0.000000000000	0.000000000000	0.000000000000	1.000000000000
0	37	66
0.991363784485	0.119088732289	-0.054915577502	1.031649374230
-0.109872876730	0.982872054180	0.147954303994	-0.142090657307
0.071594676966	-0.140642806261	0.987468380900	0.390644019945
0.000000000000	0.000000000000	0.000000000000	1.000000000000
0	38	66
0.981122404233	-0.019532636342	0.192398815042	0.733616504857
-0.004934288224	0.992033854291	0.125874877321	-0.115917784343
-0.193324806251	-0.124448013478	0.973210260545	0.365685998804
0.000000000000	0.000000000000	0.000000000000	1.000000000000
0	45	66
0.806732940326	-0.141654587055	0.573686273986	0.277839734583
0.275844731189	0.948848496765	-0.153610593585	-0.308198105570
-0.522581713485	0.282171061863	0.804542009207	0.052950780677
0.000000000000	0.000000000000	0.000000000000	1.000000000000
0	46	66
0.860808429466	-0.089576243589	0.500983976135	0.244821963351
0.141629485940	0.987666202610	-0.066757478484	-0.066678997360
-0.488825057124	0.128419503213	0.862878030038	0.242259612658
0.000000000000	0.000000000000	0.000000000000	1.000000000000
0	47	66
0.759668948105	-0.345705285847	0.550809354153	-0.175051876251
0.232267412485	0.935366029546	0.266725026701	0.003716175599
-0.607416610229	-0.074687657006	0.790864599985	0.354436656157
0.000000000000	0.000000000000	0.000000000000	1.000000000000
0	48	66
0.676448583525	-0.445799006842	0.586242747798	-0.611012235883
0.213727924252	0.880564588068	0.422996903813	0.043334821682
-0.704796203340	-0.160839210825	0.690936364667	0.302266716028
0.000000000000	0.000000000000	0.000000000000	1.000000000000
0	49	66
0.725103441815	-0.348626099640	0.593872748422	-0.630622651920
0.208742984978	0.933083205226	0.292885811106	-0.079722742198
-0.656240325559	-0.088405739489	0.749355096289	0.563353371489
0.000000000000	0.000000000000	0.000000000000	1.000000000000
1	2	66
0.942443732684	-0.003676586389	0.334344572913	-0.152501993875
0.039955757695	0.994012815300	-0.101695921488	0.003746173269
-0.331968896361	0.109201674588	0.936948048782	-0.037353613539
0.000000000000	0.000000000000	0.000000000000	1.000000000000
1	3	66
0.699225056870	-0.166209557682	0.695311946381	-0.175776245926
0.245338282581	0.969321332409	-0.015009384972	0.078615923525
-0.671485999069	0.181081576844	0.718551331209	-0.010590108255
0.000000000000	0.000000000000	0.000000000000	1.000000000000
1	5	66
0.603780451494	-0.012797886638	0.797047916057	-0.298240197552
0.231579748550	0.959564846436	-0.160019141184	0.074872512389
-0.762771254345	0.281196585295	0.582330227589	-0.183161061564
0.000000000000	0.000000000000	0.000000000000	1.000000000000
1	6	66
0.823310444438	-0.112000605681	0.556431286330	-0.390880768974
0.195394771115	0.976344285821	-0.092588978636	0.107481752533
-0.532898485174	0.184953236984	0.825718780596	0.054340710555
0.000000000000	0.000000000000	0.000000000000	1.000000000000
1	7	66
0.828924402488	0.053709746908	0.556776075318	-0.286845786556
-0.006895643378	0.996284980790	-0.085841057507	-0.047788546700
-0.559318142976	0.067316418046	0.826215295670	0.294360753484
0.000000000000	0.000000000000	0.000000000000	1.000000000000
1	34	66
0.438213741569	0.452468145887	-0.776686097248	1.125082821366
-0.317444637529	0.886292625996	0.337215484831	-0.266010618162
0.840950425890	0.098782377292	0.532019194327	0.679553695741
0.000000000000	0.000000000000	0.000000000000	1.000000000000
1	35	66
0.753642399305	0.339831345554	-0.562616912783	1.371519077822
-0.240393818000	0.939177899163	0.245266561094	-0.328010012628
0.611746635657	-0.049593651837	0.789497639933	0.748435900649
0.000000000000	0.000000000000	0.000000000000	1.000000000000
1	36	66
0.937800201576	0.156850475283	-0.309723603116	1.332380422312
-0.118974846507	0.983299116367	0.137723758482	-0.248508207837
0.326152982237	-0.092308050326	0.940799370760	0.581934914641
0.000000000000	0.000000000000	0.000000000000	1.000000000000
1	37	66
0.950473516468	0.203622486997	-0.234814772281	1.412783937924
-0.169773024344	0.972973242344	0.156525365001	-0.241705835801
0.260340574436	-0.108908000038	0.959354904522	0.573229761909
0.000000000000	0.000000000000	0.000000000000	1.000000000000
1	38	66
0.990358682275	0.114973244193	-0.077271169020	1.295125064358
-0.104012596511	0.985591082761	0.133385146658	-0.248288693101
0.091493498179	-0.124061963154	0.988047351643	0.547977619556
0.000000000000	0.000000000000	0.000000000000	1.000000000000
1	45	66
0.929812099521	-0.104579143014	0.352863518136	0.819582592084
0.197246124546	0.951054188016	-0.237886312781	-0.269371256012
-0.310714379996	0.290790533380	0.904929521985	0.094703942817
0.000000000000	0.000000000000	0.000000000000	1.000000000000
1	46	66
0.914533683417	-0.073811334211	0.397718529664	0.505525327079
0.107473240015	0.992210668840	-0.062988025213	-0.166163697505
-0.389971338147	0.100348769706	0.915342820938	0.261141866784
0.000000000000	0.000000000000	0.000000000000	1.000000000000
1	47	66
0.840586132313	-0.303178338005	0.448885118408	0.114111902144
0.209560656237	0.946181133726	0.246628452411	-0.036528420943
-0.499499034554	-0.113243796942	0.858880991135	0.322820952651
0.000000000000	0.000000000000	0.000000000000	1.000000000000
1	48	66
0.812436520964	-0.344964008290	0.470049712677	-0.174072819860
0.164651228422	0.909120649822	0.382608961011	0.051781240000
-0.559318221036	-0.233451230562	0.795401565605	0.170683963708
0.000000000000	0.000000000000	0.000000000000	1.000000000000
1	49	66
0.828448991221	-0.292722059978	0.477478862933	-0.311967514543
0.182812858441	0.947181912243	0.263487919854	-0.083002216773
-0.529388069127	-0.130997025624	0.838205256213	0.439519545476
0.000000000000	0.000000000000	0.000000000000	1.000000000000
2	3	66
0.871705912032	-0.206707646936	0.444298043689	-0.115475809923
0.187117684631	0.978382026695	0.088065781878	0.035050782620
-0.452897090989	0.006368558510	0.891540053187	-0.005860050899
0.000000000000	0.000000000000	0.000000000000	1.000000000000
2	5	66
0.821635109383	-0.076213367984	0.564895804170	-0.134740819571
0.149596632705	0.985114343054	-0.084679268971	0.027641685659
-0.550033266732	0.154081970557	0.820805794227	-0.182639656360
0.000000000000	0.000000000000	0.000000000000	1.000000000000
2	6	66
0.966528553412	-0.140501717750	0.214666771411	-0.172808743198
0.141236751948	0.989903243352	0.011989524657	0.077621052219
-0.214183882068	0.018730619622	0.976613756073	-0.011730209019
0.000000000000	0.000000000000	0.000000000000	1.000000000000
2	7	66
0.964185631400	0.054391754902	0.259591227127	-0.257659964866
-0.057859491979	0.998308290145	0.005730359180	-0.016465176774
-0.258840389798	-0.020544946508	0.965701588371	0.258367872052
0.000000000000	0.000000000000	0.000000000000	1.000000000000
2	8	66
0.987849229762	-0.056670632968	0.144714680033	-0.538678772653
0.046179910063	0.996124762918	0.074852338696	-0.195361623677
-0.148395805752	-0.067259914219	0.986638124529	0.751670375988
0.000000000000	0.000000000000	0.000000000000	1.000000000000
2	35	66
0.507483397700	0.352487391690	-0.786265374895	1.169310416149
-0.173939915514	0.935621125444	0.307177498220	-0.216217917434
0.843922690090	-0.019124547613	0.536123814831	1.263437877819
0.000000000000	0.000000000000	0.000000000000	1.000000000000
2	36	66
0.777043246816	0.198377023698	-0.597369524705	1.172148819469
-0.083165662199	0.973074704021	0.214963003853	-0.140179921709
0.623928894353	-0.117354918360	0.772619283948	1.076254227252
0.000000000000	0.000000000000	0.000000000000	1.000000000000
2	37	66
0.796436816739	0.276068262341	-0.538028541502	1.271636574059
-0.140779765083	0.949911329243	0.279015276140	-0.227699141075
0.588106669480	-0.146474506670	0.795409180365	1.149153385524
0.000000000000	0.000000000000	0.000000000000	1.000000000000
2	38	66
0.913022014529	0.169296133896	-0.371119414788	1.115911929244
-0.093129688449	0.972291408443	0.214420797024	-0.140614574909
0.397136830468	-0.161208672580	0.903489956652	1.015583160090
0.000000000000	0.000000000000	0.000000000000	1.000000000000
2	45	66
0.983120953816	-0.179121555809	0.037264707334	0.852171264090
0.182602379583	0.973319459533	-0.138944595671	-0.237741762771
-0.011382492654	0.143403967657	0.989598777748	0.452212125995
0.000000000000	0.000000000000	0.000000000000	1.000000000000
2	46	66
0.993574036688	-0.099832653268	0.053329869319	0.557186175239
0.099135248965	0.994952103509	0.015572865379	-0.065095566114
-0.054615346128	-0.010185924845	0.998455512731	0.493579919894
0.000000000000	0.000000000000	0.000000000000	1.000000000000
2	47	66
0.962874782183	-0.215549043635	0.162513887483	0.094235036035
0.153967636110	0.933009221262	0.325250303722	0.027372911921
-0.221734347514	-0.288153436261	0.931558627411	0.410530018911
0.000000000000	0.000000000000	0.000000000000	1.000000000000
2	48	66
0.948451631195	-0.245043244432	0.200980873823	-0.131067762937
0.130857450911	0.880379560217	0.455859800261	0.117985672900
-0.288644817770	-0.406061126323	0.867063164287	0.144976355006
0.000000000000	0.000000000000	0.000000000000	1.000000000000
2	49	66
0.961058286811	-0.215335053067	0.173198684385	-0.309154118224
0.142250249517	0.922822133046	0.358000247588	-0.047187128275
-0.236921581677	-0.319421548555	0.917517323245	0.391985285580
0.000000000000	0.000000000000	0.000000000000	1.000000000000
3	4	66
0.949420739436	-0.006011572131	0.313949232407	0.017123559251
0.025829136944	0.997923655053	-0.059001986151	-0.012574274357
-0.312942670810	0.064126747037	0.947604688201	-0.037011731477
0.000000000000	0.000000000000	0.000000000000	1.000000000000
3	5	66
0.997612317991	0.051147083629	0.046407314390	0.200845859446
-0.042397646300	0.983995200262	-0.173077686168	-0.075577188573
-0.054516993506	0.170696870789	0.983814248587	-0.109153712850
0.000000000000	0.000000000000	0.000000000000	1.000000000000
3	6	66
0.960510562170	0.034568566597	-0.276087801546	0.030444496671
-0.045777337528	0.998364151001	-0.034255763960	0.078143248702
0.274451990935	0.045541587577	0.960521768870	-0.015636706779
0.000000000000	0.000000000000	0.000000000000	1.000000000000
3	7	66
0.946469689655	0.201678514516	-0.252033536157	-0.133084135169
-0.219139430839	0.974748072748	-0.042943038148	-0.015312868931
0.237008515494	0.095874769654	0.966765220789	0.204313250576
0.000000000000	0.000000000000	0.000000000000	1.000000000000
3	38	66
0.580712048727	0.363586642099	-0.728408038225	0.667111835995
-0.232862335715	0.931530927048	0.279330028027	-0.385926500486
0.780095282045	0.007408484288	0.625616867812	1.544355538591
0.000000000000	0.000000000000	0.000000000000	1.000000000000
3	39	66
0.911772679913	0.148524522749	-0.382898219253	0.494562153506
-0.085875141603	0.980654801661	0.175902302528	-0.420488345077
0.401616782791	-0.127501474981	0.906888821002	1.527783104296
0.000000000000	0.000000000000	0.000000000000	1.000000000000
3	43	66
0.903212504355	-0.127471424542	0.409827046328	0.994719310281
0.146094823960	0.989167104563	-0.014308796712	-0.271909870770
-0.403563470088	0.072797494300	0.912051013066	0.812062212109
0.000000000000	0.000000000000	0.000000000000	1.000000000000
3	45	66
0.880614376414	-0.056770873140	-0.470420437499	0.657742518444
-0.014896160294	0.988988986526	-0.147237525579	-0.438923913235
0.473599434609	0.136666940015	0.870072251623	0.861441637396
0.000000000000	0.000000000000	0.000000000000	1.000000000000
3	46	66
0.905009728826	0.095562073716	-0.414518130842	0.353837061364
-0.096473224362	0.995158142384	0.018793313398	-0.246949491228
0.414307021074	0.022981769177	0.909846981956	0.759216210459
0.000000000000	0.000000000000	0.000000000000	1.000000000000
3	47	66
0.963448749423	0.103333147482	-0.247161420668	0.048754931731
-0.026117783716	0.954449471197	0.297227300740	-0.046936624008
0.266616519760	-0.279907962665	0.922261982209	0.469860371170
0.000000000000	0.000000000000	0.000000000000	1.000000000000
3	48	66
0.980289388378	0.130894752085	-0.147984049512	-0.047038621128
-0.057821890907	0.906316411339	0.418625359325	0.065268609362
0.188916235314	-0.401817279886	0.896020942624	0.150303174484
0.000000000000	0.000000000000	0.000000000000	1.000000000000
4	5	66
0.959853866050	0.063920109322	-0.273120441294	0.030347200013
-0.092034053161	0.991553615243	-0.091384687766	-0.145032618176
0.264972241729	0.112852327064	0.957629397726	0.039152846665
0.000000000000	0.000000000000	0.000000000000	1.000000000000
4	39	66
0.768591436688	0.261601449166	-0.583808089397	0.283996063990
-0.254627132422	0.962265812675	0.095966291951	0.017288846731
0.586883486635	0.074894509483	0.806200090278	1.540932097804
0.000000000000	0.000000000000	0.000000000000	1.000000000000
4	40	66
0.997477019094	-0.018075780646	-0.068650291581	-0.128124054692
0.031525068229	0.979244351830	0.200216556464	-0.336376534059
0.063606339726	-0.201875619041	0.977343577246	1.499062010861
0.000000000000	0.000000000000	0.000000000000	1.000000000000
4	41	66
0.905864724982	-0.209816701919	0.367948436101	-0.061710670029
0.132678058492	0.965530997374	0.223933976664	-0.343133454999
-0.402250708922	-0.154035206058	0.902478544048	1.333253718533
0.000000000000	0.000000000000	0.000000000000	1.000000000000
4	42	66
0.929900509753	-0.080926193479	0.358797983788	-0.152133092183
0.152095860917	0.972789613534	-0.174777621258	-0.312365386527
-0.334890864392	0.217097487341	0.916906096575	1.212225679113
0.000000000000	0.000000000000	0.000000000000	1.000000000000
4	43	66
0.984962940510	-0.112700522603	0.130945019097	-0.006364032082
0.107994350494	0.993241591903	0.042524820689	-0.241812132555
-0.134852608735	-0.027744050143	0.990477178737	1.165262706218
0.000000000000	0.000000000000	0.000000000000	1.000000000000
4	45	66
-0.702763277597	0.068257555660	0.708141710222	-1.538409817395
0.279608698765	0.941785328638	0.186706642457	-1.173931046556
-0.654173334244	0.329213154139	-0.680937550665	5.073597178071
0.000000000000	0.000000000000	0.000000000000	1.000000000000
4	46	66
-0.682208572376	0.302802118554	-0.665509083917	1.613437007684
-0.168612126891	0.820525013924	0.546176392927	-1.411982758805
0.711450219230	0.484819119389	-0.508713089111	4.362097669674
0.000000000000	0.000000000000	0.000000000000	1.000000000000
4	47	66
-0.931058101437	0.007186873583	0.364800165292	-0.398128572797
0.278909088310	0.658630071739	0.698867762212	-1.371009756639
-0.235245684779	0.752432573357	-0.615227348501	5.903112928410
0.000000000000	0.000000000000	0.000000000000	1.000000000000
4	48	66
-0.690836662582	-0.299928937786	-0.657865744595	1.665132600726
0.345107109735	0.662762925226	-0.664564810802	2.526329198508
0.635331243087	-0.686139881675	-0.354353318501	2.873892021647
0.000000000000	0.000000000000	0.000000000000	1.000000000000
5	6	66
0.936388373758	0.010960139895	-0.350794368291	-0.129338118981
0.040922311790	0.989285045368	0.140144437666	0.094790303506
0.348571625192	-0.145584938591	0.925906500553	0.099231752899
0.000000000000	0.000000000000	0.000000000000	1.000000000000
5	7	66
0.926455324925	0.215652818687	-0.308503472769	-0.374314781444
-0.179442395291	0.973518532997	0.141640716901	0.016631532917
0.330879068074	-0.075865194290	0.940618687145	0.299299676492
0.000000000000	0.000000000000	0.000000000000	1.000000000000
5	38	66
0.489136055738	0.424949106289	-0.761685089812	0.312094194187
-0.095915805301	0.894194806326	0.437282296271	-0.193924530116
0.866917572362	-0.140832898867	0.478142256370	1.799501830434
0.000000000000	0.000000000000	0.000000000000	1.000000000000
5	39	66
-0.639683603222	0.332340647633	-0.693076173086	0.254889466434
0.630274482331	0.742906941586	-0.225484706945	1.738625744815
0.439953366496	-0.581067096017	-0.684691218897	4.009661593124
0.000000000000	0.000000000000	0.000000000000	1.000000000000
5	43	66
0.915655789215	-0.182632199042	0.358078141680	0.293419842472
0.141020108210	0.980156756457	0.139305641853	0.064564345324
-0.376414405618	-0.077059799146	0.923241020860	1.075037832438
0.000000000000	0.000000000000	0.000000000000	1.000000000000
5	45	66
0.831476773574	-0.104144646662	-0.545710791151	0.460053175707
0.116991307498	0.993069051181	-0.011264704036	-0.185551938486
0.543101656209	-0.054477079205	0.837897868994	1.135087614929
0.000000000000	0.000000000000	0.000000000000	1.000000000000
5	46	66
0.855430376151	0.083395767717	-0.511159483415	0.183009936063
0.005473369884	0.985440161370	0.169934489085	-0.057555658101
0.517888901001	-0.148164888841	0.842518992032	0.972310421054
0.000000000000	0.000000000000	0.000000000000	1.000000000000
5	47	66
0.935657323838	0.110107999554	-0.335293305605	-0.134213310739
0.059479285592	0.887289965482	0.457360614548	0.062063298942
0.347861447899	-0.447875814918	0.823650209420	0.617579759863
0.000000000000	0.000000000000	0.000000000000	1.000000000000
5	48	66
0.951058678350	0.151538438616	-0.269301860293	-0.129258336221
0.030321896489	0.821526320764	0.569363756210	0.128991668221
0.307519061082	-0.549664084614	0.776724804005	0.302923947402
0.000000000000	0.000000000000	0.000000000000	1.000000000000
5	49	66
0.935603089263	0.142872097990	-0.322853562746	-0.428189590708
0.023858589667	0.886783964337	0.461567945479	0.068321434471
0.352246543008	-0.439547226371	0.826269089782	0.381483244384
0.000000000000	0.000000000000	0.000000000000	1.000000000000
6	7	66
0.977933309324	0.205127707279	0.039611440532	-0.140864851716
-0.203930874204	0.978454128048	-0.032244656171	-0.032229613562
-0.045372249899	0.023455127621	0.998694756133	0.239030876323
0.000000000000	0.000000000000	0.000000000000	1.000000000000
6	35	66
0.251288499108	0.481333610587	-0.839745226563	1.021180639498
-0.252141786316	0.870182613995	0.423328168085	-0.461027512584
0.934493771948	0.105357361488	0.340031199408	1.590817413141
0.000000000000	0.000000000000	0.000000000000	1.000000000000
6	36	66
0.580920246423	0.363350978913	-0.728359618196	1.067427808573
-0.176990374766	0.929811251668	0.322684743227	-0.409894321110
0.794484785591	-0.058541458763	0.604455807375	1.394418648638
0.000000000000	0.000000000000	0.000000000000	1.000000000000
6	37	66
0.633278139238	0.404651206071	-0.659709178190	1.130887362606
-0.231834446961	0.912463664131	0.337139215819	-0.420560956458
0.738384444287	-0.060559582777	0.671655379915	1.410595644537
0.000000000000	0.000000000000	0.000000000000	1.000000000000
6	38	66
0.792580394827	0.311016217471	-0.524485681603	1.012478454533
-0.194741378035	0.944203971614	0.265621263588	-0.331314156523
0.577833984305	-0.108387141574	0.808925283400	1.255664085740
0.000000000000	0.000000000000	0.000000000000	1.000000000000
6	39	66
-0.323575524596	0.442053854174	-0.836592654697	1.393540853012
-0.126799843449	0.855925032273	0.501312416393	-0.651322741882
0.937667680782	0.268292245767	-0.220904031827	2.765571143671
0.000000000000	0.000000000000	0.000000000000	1.000000000000
6	44	66
0.927629991179	-0.343740439535	0.146099656719	-0.413484276524
0.316406099854	0.931070020451	0.181647452479	-0.095990545507
-0.198468585525	-0.122274802168	0.972450046694	-0.838448954728
0.000000000000	0.000000000000	0.000000000000	1.000000000000
6	45	66
0.982432755141	-0.086401424284	-0.165410626949	0.804297595750
0.056681924964	0.982644706016	-0.176625426035	-0.319718756431
0.177800565264	0.164146811182	0.970279744904	0.606738499206
0.000000000000	0.000000000000	0.000000000000	1.000000000000
6	46	66
0.986985411079	0.062279213863	-0.148260236877	0.535401639034
-0.057221767429	0.997632681152	0.038140566726	-0.263821854449
0.150284622136	-0.029160470136	0.988212628603	0.642012331633
0.000000000000	0.000000000000	0.000000000000	1.000000000000
6	47	66
0.999678972776	-0.022469559481	-0.011707702046	0.190375474157
0.025025078170	0.947902005468	0.317577602315	-0.078214918703
0.003961925424	-0.317768637418	0.948160005601	0.469813057126
0.000000000000	0.000000000000	0.000000000000	1.000000000000
6	48	66
0.996123680121	-0.026064353745	0.084013471335	-0.013189134137
-0.013998707596	0.895948246474	0.443937806258	0.016230654930
-0.086842674346	-0.443393041334	0.892110397209	0.161918590848
0.000000000000	0.000000000000	0.000000000000	1.000000000000
6	49	66
0.999618041738	0.008689476142	0.026234779149	-0.229335318778
-0.017165949102	0.939180224142	0.342995388850	-0.094950232486
-0.021658735513	-0.343314723811	0.938970659600	0.361876955124
0.000000000000	0.000000000000	0.000000000000	1.000000000000
7	37	66
0.630077609267	0.216848549823	-0.745639935049	1.266719319404
-0.107572766163	0.975333958559	0.192747942304	-0.070197749330
0.769045061281	-0.041235612303	0.637863087188	1.228824845348
0.000000000000	0.000000000000	0.000000000000	1.000000000000
7	38	66
0.778617322553	0.138918403322	-0.611928706827	1.149338963464
-0.027897952893	0.981885955022	0.187407778798	-0.076589103238
0.626878592109	-0.128847384717	0.768388952424	1.098639036606
0.000000000000	0.000000000000	0.000000000000	1.000000000000
7	39	66
-0.420421676688	0.334770573543	-0.843311494562	1.606325915873
-0.304704536379	0.823372534901	0.478761751062	-0.785715449835
0.854634868982	0.458242656089	-0.244157549258	3.103139142932
0.000000000000	0.000000000000	0.000000000000	1.000000000000
7	44	66
-0.796089072736	0.509770055830	-0.326154378246	-0.175821482898
-0.192987546008	-0.724644597349	-0.661548195235	2.467339234330
-0.573583468517	-0.463707556237	0.675260917670	-0.340235654380
0.000000000000	0.000000000000	0.000000000000	1.000000000000
7	45	66
0.931677899847	-0.304349502185	-0.198362474920	1.031674082138
0.260411110998	0.940220698654	-0.219479135890	-0.007124501807
0.253302870504	0.152828067912	0.955238837910	0.436395137428
0.000000000000	0.000000000000	0.000000000000	1.000000000000
7	46	66
0.968377666589	-0.163165416656	-0.188737229130	0.683060863164
0.167708109905	0.985802224414	0.008244040979	-0.021428138323
0.184712437925	-0.039636109132	0.981993021426	0.427247508278
0.000000000000	0.000000000000	0.000000000000	1.000000000000
7	47	66
0.976877724003	-0.179940331126	-0.115461636834	0.323148821242
0.208730282189	0.919577149034	0.332880663708	0.015235271267
0.046277225970	-0.349284045167	0.935873428487	0.250392023507
0.000000000000	0.000000000000	0.000000000000	1.000000000000
7	48	66
0.983491701491	-0.176750319635	-0.038773671578	0.097237060216
0.173080113382	0.856334365696	0.486553931728	0.025751892614
-0.052795335496	-0.485232705655	0.872789707726	-0.064011370624
0.000000000000	0.000000000000	0.000000000000	1.000000000000
7	49	66
0.979061273687	-0.180384372685	-0.094342463704	-0.076098071573
0.201547929614	0.924061543517	0.324790233630	0.008516976101
0.028591160082	-0.337004068054	0.941068968610	0.102412323576
0.000000000000	0.000000000000	0.000000000000	1.000000000000
8	37	66
0.685424558572	0.333311526119	-0.647376707229	1.748645200741
-0.205510891771	0.941486413948	0.267149032778	-0.185991084716
0.698540226379	-0.050067543450	0.713817058652	0.680867435065
0.000000000000	0.000000000000	0.000000000000	1.000000000000
8	38	66
0.838737366595	0.236853727217	-0.490326362518	1.600736983442
-0.143332168162	0.964722184585	0.220832506983	-0.136702368010
0.525333721977	-0.114940934719	0.843097302854	0.519864867497
0.000000000000	0.000000000000	0.000000000000	1.000000000000
8	39	66
0.999501946151	0.015184725686	-0.027663762320	1.365601547998
-0.009929884429	0.983426438638	0.181035458358	-0.253406629528
0.029954249032	-0.180670594988	0.983087421887	0.584945932912
0.000000000000	0.000000000000	0.000000000000	1.000000000000
8	44	66
0.984681359751	-0.094765250706	0.146363134079	1.343853208508
0.094819342049	0.995472465016	0.006622972815	-0.086454562519
-0.146328097549	0.007356538197	0.989208759167	-0.120428583851
0.000000000000	0.000000000000	0.000000000000	1.000000000000
8	45	66
0.982407170147	-0.125797270464	-0.138026080096	1.428852657007
0.095118296657	0.973091740028	-0.209868947512	-0.127853434173
0.160712979202	0.193047953194	0.967937924706	-0.092417532805
0.000000000000	0.000000000000	0.000000000000	1.000000000000
8	46	66
0.995346968629	0.003205135381	-0.096302332000	1.081168403565
-0.003899371221	0.999967745581	-0.007021588261	-0.049333994479
0.096276720683	0.007364435133	0.995327362303	-0.071748355665
0.000000000000	0.000000000000	0.000000000000	1.000000000000
8	47	66
0.992215524136	-0.118987822511	0.036745771965	0.691044848642
0.102997741912	0.949954545298	0.294920034972	0.097932961062
-0.069998705875	-0.288839505541	0.954815124103	-0.217133269410
0.000000000000	0.000000000000	0.000000000000	1.000000000000
8	48	66
0.986422524791	-0.121123441284	0.110904078176	0.475727306394
0.067498319525	0.914648742943	0.398574527402	0.270559365864
-0.149714994057	-0.385677052732	0.910405751053	-0.503712614681
0.000000000000	0.000000000000	0.000000000000	1.000000000000
8	49	66
0.992540581513	-0.103958221729	0.063685808350	0.272391005749
0.081109220716	0.953072522308	0.291674581573	0.137033238854
-0.091019164823	-0.284333352521	0.954395125867	-0.317700201876
0.000000000000	0.000000000000	0.000000000000	1.000000000000
8	50	66
0.996652783089	0.001974510531	0.081727175834	0.014077598045
0.001912178954	0.998871722071	-0.047451305767	-0.037738817097
-0.081728657968	0.047448752940	0.995524506133	0.044959481556
0.000000000000	0.000000000000	0.000000000000	1.000000000000
8	51	66
0.999417010681	0.025960606604	-0.022173986234	-0.285550326071
-0.026757811742	0.998977328595	-0.036446076104	-0.083280455784
0.021205147288	0.037018155781	0.999089584507	0.249811304607
0.000000000000	0.000000000000	0.000000000000	1.000000000000
9	10	66
0.998370746100	-0.056916395616	-0.004046880413	-0.421473716285
0.056454693016	0.974986994370	0.214972622552	-0.070369331424
-0.008289811061	-0.214850842959	0.976611690649	0.547191545443
0.000000000000	0.000000000000	0.000000000000	1.000000000000
9	51	66
0.997275670843	-0.017857397886	-0.071570592324	0.321975507594
0.028046718770	0.989180237852	0.143999439613	0.044353811405
0.068224760250	-0.145614458016	0.986986226705	-0.084367100786
0.000000000000	0.000000000000	0.000000000000	1.000000000000
9	52	66
0.989977582492	-0.111018060025	0.087289040045	-0.279564513915
0.096479114267	0.983025988927	0.156050266276	0.003955930946
-0.103131792741	-0.146064696086	0.983884616143	0.237398106535
0.000000000000	0.000000000000	0.000000000000	1.000000000000
9	53	66
0.979867112402	-0.104557435118	0.170082876253	-0.590506458023
0.082155970825	0.987595890422	0.133808645754	-0.030063474721
-0.181963838415	-0.117141367510	0.976302750957	0.576615401257
0.000000000000	0.000000000000	0.000000000000	1.000000000000
10	11	66
0.983065177659	-0.027893301226	-0.181121009883	0.154549331869
0.013615679449	0.996733951277	-0.079599269119	-0.110115598329
0.182749746231	0.075785184026	0.980234225139	0.411164931234
0.000000000000	0.000000000000	0.000000000000	1.000000000000
10	51	66
0.998195135736	0.035487698489	-0.048446818761	0.712224409555
-0.040011337365	0.994591868344	-0.095844187651	0.298977755923
0.044783522354	0.097609623912	0.994216675300	-0.602304248311
0.000000000000	0.000000000000	0.000000000000	1.000000000000
10	52	66
0.994640863372	-0.069854238376	0.076222951207	0.188092938825
0.075722651364	0.994149266046	-0.077028026661	0.168556584208
-0.070396256862	0.082387026902	0.994111032440	-0.275093191293
0.000000000000	0.000000000000	0.000000000000	1.000000000000
10	53	66
0.985808399060	-0.050372492069	0.160138728563	-0.139712680205
0.066171054252	0.993284797038	-0.094903654053	0.060996993205
-0.154282830937	0.104153367762	0.982521696484	0.032523376281
0.000000000000	0.000000000000	0.000000000000	1.000000000000
10	54	66
0.998738908494	0.002717698769	-0.050131893778	-0.088759637493
-0.013576620779	0.975950451297	-0.217569280875	-0.178556356264
0.048334956590	0.217975527814	0.974756585639	0.355702465940
0.000000000000	0.000000000000	0.000000000000	1.000000000000
11	12	66
0.939594175114	0.068160716516	-0.335435392909	0.119211685664
-0.145847173515	0.966284608622	-0.212185430976	-0.137740074278
0.309663346345	0.248290498941	0.917856437612	0.180204386212
0.000000000000	0.000000000000	0.000000000000	1.000000000000
11	52	66
0.968392113782	-0.045607596898	0.245227773855	-0.044989471969
0.042487633743	0.998934816515	0.018000925910	0.156639022773
-0.245787540253	-0.007012806853	0.969298357368	-0.687458180371
0.000000000000	0.000000000000	0.000000000000	1.000000000000
11	53	66
0.940901326343	-0.009235876058	0.338554859186	-0.358268183815
0.004027623160	0.999862546677	0.016083096830	0.032782672981
-0.338656865185	-0.013769035748	0.940809194958	-0.330289275070
0.000000000000	0.000000000000	0.000000000000	1.000000000000
11	54	66
0.991071179350	0.045086681198	0.125479514825	-0.239883839535
-0.026151590612	0.988544526293	-0.148646607243	-0.040544721129
-0.130744069734	0.144037879445	0.980897077942	-0.014542394854
0.000000000000	0.000000000000	0.000000000000	1.000000000000
11	55	66
0.992443833764	0.052691693787	-0.110809847172	-0.163812189966
-0.059742615018	0.996329692656	-0.061302230659	-0.104612946654
0.107173022610	0.067459090854	0.991949199448	-0.005398784936
0.000000000000	0.000000000000	0.000000000000	1.000000000000
12	52	66
0.791048812983	-0.216769857782	0.572059965593	-0.565329460768
0.080588029571	0.963891547481	0.253808302039	0.142311186297
-0.606421755025	-0.154673570630	0.779954320189	-0.768376127967
0.000000000000	0.000000000000	0.000000000000	1.000000000000
12	54	66
0.905308583262	-0.046851016636	0.422162707154	-0.371551015115
0.002052640782	0.994369139777	0.105951878349	0.021701494266
-0.424749521174	-0.095052596493	0.900307085478	-0.087944511160
0.000000000000	0.000000000000	0.000000000000	1.000000000000
12	55	66
0.976901609243	-0.051956265748	0.207277090648	-0.318152787264
0.019159559872	0.987381164859	0.157198430484	0.007669324505
-0.212828938642	-0.149596061882	0.965569708072	-0.098418875367
0.000000000000	0.000000000000	0.000000000000	1.000000000000
12	56	66
0.952643897083	0.066716939138	-0.296679044394	-0.193871940875
0.065787137734	0.907311864784	0.415279703971	0.068472412596
0.296886607746	-0.415131340727	0.859955994274	-0.057255843647
0.000000000000	0.000000000000	0.000000000000	1.000000000000
13	14	66
0.962852656060	0.050418077105	-0.265278684065	0.204155913664
-0.079105744467	0.991979101072	-0.098588763200	-0.064671500411
0.258180254688	0.115911520299	0.959118071747	0.104348833421
0.000000000000	0.000000000000	0.000000000000	1.000000000000
13	15	66
0.788431960527	0.206353488010	-0.579476730858	0.414249143408
-0.101297820899	0.972746646397	0.208573040934	-0.074580348684
0.606723821109	-0.105745921479	0.787847704185	0.290965655146
0.000000000000	0.000000000000	0.000000000000	1.000000000000
13	54	66
-0.652344464943	0.036903030721	-0.757023688785	1.729881941265
0.192122947767	-0.958140338762	-0.212263666648	1.508025817922
-0.733168106235	-0.283910650666	0.617947627586	0.273145175830
0.000000000000	0.000000000000	0.000000000000	1.000000000000
13	55	66
0.729532743613	-0.087462521250	0.678330511899	-0.603079008967
0.147941693135	0.988489361497	-0.031654978105	0.023447955028
-0.667753870396	0.123446707461	0.734074709405	0.031877489255
0.000000000000	0.000000000000	0.000000000000	1.000000000000
13	56	66
0.966219386134	-0.112948446589	0.231652209727	-0.523214634221
0.064473703689	0.976202467909	0.207055266008	0.073583698983
-0.249526029485	-0.185125336089	0.950507953963	0.040239506076
0.000000000000	0.000000000000	0.000000000000	1.000000000000
13	57	66
0.979637987257	0.030426780597	-0.198453079962	-0.410743485150
0.014429118388	0.975224003386	0.220748598553	-0.005531037363
0.200252876300	-0.219117215762	0.954927448182	0.241936333880
0.000000000000	0.000000000000	0.000000000000	1.000000000000
14	15	66
0.921984318051	0.116277609980	-0.369356785081	0.251582543339
-0.017078861494	0.965132932300	0.261202479851	0.048394597063
0.386850397128	-0.234516396885	0.891823317611	0.125680707486
0.000000000000	0.000000000000	0.000000000000	1.000000000000
14	18	66
0.390025008803	0.273022074966	-0.879397202116	0.740441613925
-0.031901282669	0.958464798715	0.283421131513	-0.051351012564
0.920251487732	-0.082487430591	0.382534995944	0.581384316373
0.000000000000	0.000000000000	0.000000000000	1.000000000000
14	56	66
0.852320438130	-0.230461426149	0.469507616341	-0.771778435831
0.077050425843	0.943218653847	0.323112678354	0.090603417582
-0.517313350517	-0.239219777805	0.821681687324	0.142773111104
0.000000000000	0.000000000000	0.000000000000	1.000000000000
14	57	66
0.996717853515	-0.074572937677	0.031502340416	-0.546861479215
0.060815883106	0.946599327250	0.316624607401	0.068315185121
-0.053431721360	-0.313669556407	0.948027668655	0.280578691886
0.000000000000	0.000000000000	0.000000000000	1.000000000000
15	18	66
0.791150080558	0.188751868986	-0.581768237348	0.439573615594
-0.213853051824	0.976519589614	0.026006986101	-0.012894888678
0.573016947618	0.103837483862	0.812938715210	0.031408109971
0.000000000000	0.000000000000	0.000000000000	1.000000000000
15	56	66
0.592813862724	-0.337612501531	0.731156291754	-0.889262163535
0.313607613976	0.932996723470	0.176542851598	-0.084304481984
-0.741769498307	0.124639130308	0.658971242603	0.367416134806
0.000000000000	0.000000000000	0.000000000000	1.000000000000
15	57	66
0.899979779816	-0.198882472683	0.387920298491	-0.672699649952
0.178455618484	0.979968885928	0.088400083956	-0.102359292044
-0.397731050024	-0.010331731305	0.917443876853	0.433003620552
0.000000000000	0.000000000000	0.000000000000	1.000000000000
15	62	66
0.154649213559	0.471109610478	-0.868411973467	0.781182488229
-0.294098486078	0.861090575421	0.414763910444	-1.021898079968
0.943180630225	0.191255734126	0.271719603510	2.489906901401
0.000000000000	0.000000000000	0.000000000000	1.000000000000
16	17	66
0.994197561097	-0.054586114381	-0.092690698701	0.119058751556
0.044729181628	0.993436491529	-0.105276956687	0.004699591469
0.097828982514	0.100520114481	0.990113729207	-0.182721129229
0.000000000000	0.000000000000	0.000000000000	1.000000000000
16	61	66
0.735746650133	0.450463921973	-0.505726330954	0.670617196833
-0.126141371262	0.824807371399	0.551163455376	-0.919997616635
0.665406057438	-0.341723653099	0.663671397333	2.347015861095
0.000000000000	0.000000000000	0.000000000000	1.000000000000
17	18	66
0.933962651881	0.139743937423	-0.328915485869	0.167849668403
-0.013757448384	0.933753416641	0.357652470320	0.042941888523
0.357105723148	-0.329509011812	0.874013337215	0.188102199244
0.000000000000	0.000000000000	0.000000000000	1.000000000000
17	19	66
0.855087019324	0.189525547632	-0.482603622219	-0.108530588371
0.005674042573	0.927320289383	0.374225715497	-0.040289807142
0.518453464280	-0.322733865117	0.791864166181	0.055433251765
0.000000000000	0.000000000000	0.000000000000	1.000000000000
17	64	66
0.161621641665	0.424050093083	-0.891100422793	0.801143420940
0.070644431753	0.895683840516	0.439044214289	0.194882852330
0.984320988909	-0.133910329681	0.114805114856	2.327966135808
0.000000000000	0.000000000000	0.000000000000	1.000000000000
18	19	66
0.983551885079	0.043594194005	-0.175286153492	-0.298785613539
-0.044032683082	0.999029125700	0.001388820889	-0.036143775356
0.175176517198	0.006352342242	0.984516549160	-0.048420480344
0.000000000000	0.000000000000	0.000000000000	1.000000000000
18	20	66
0.940437944701	0.088926374863	-0.328128895435	-0.505327986555
-0.077756910395	0.995862321033	0.047032971764	0.073030498485
0.330953675084	-0.018717302178	0.943461354560	-0.186423490323
0.000000000000	0.000000000000	0.000000000000	1.000000000000
18	62	66
0.744791325032	0.289041564779	-0.601448963742	1.891465541766
-0.162883503474	0.952803877029	0.256190819926	-0.654447983212
0.647112699962	-0.092842585859	0.756720164789	1.706578179067
0.000000000000	0.000000000000	0.000000000000	1.000000000000
18	63	66
0.500585045003	0.396855440450	-0.769363615012	1.941828708150
-0.270127187828	0.915963983446	0.296717514524	-0.663286976971
0.822463321441	0.059293679379	0.565719315978	1.844825563300
0.000000000000	0.000000000000	0.000000000000	1.000000000000
18	64	66
0.472678221277	0.343496541242	-0.811532762916	1.418660239605
-0.193888079046	0.938875060005	0.284466227353	-0.533988040391
0.859641036674	0.022885538126	0.510385677905	1.821355348880
0.000000000000	0.000000000000	0.000000000000	1.000000000000
19	20	66
0.989465664702	0.044557776420	-0.137739983068	-0.289128595688
-0.035914440432	0.997263930428	0.064612738954	0.035086016456
0.140242116868	-0.058985232281	0.988358685412	-0.088516428893
0.000000000000	0.000000000000	0.000000000000	1.000000000000
19	21	66
0.994720676454	0.024266413243	-0.099709162185	-0.654966664108
-0.010152661503	0.990143523398	0.139687961320	0.083044437301
0.102116106955	-0.137938190004	0.985162604060	-0.304461301546
0.000000000000	0.000000000000	0.000000000000	1.000000000000
19	64	66
0.676172589494	0.284021937629	-0.679795681188	1.957256282642
-0.148357148029	0.956293584294	0.251977652316	-0.382017881860
0.721651429601	-0.069527833158	0.688756193853	1.402547173387
0.000000000000	0.000000000000	0.000000000000	1.000000000000
19	65	66
0.749485583325	0.199540552915	-0.631232863633	1.167246228591
-0.106438468941	0.977410127743	0.182593248820	-0.401614853428
0.653408151707	-0.069663548053	0.753793590683	1.522177779144
0.000000000000	0.000000000000	0.000000000000	1.000000000000
20	21	66
0.999036310110	-0.035952654358	0.025176531279	-0.373379581438
0.034336570337	0.997490278267	0.061920470767	0.079112628177
-0.027339550475	-0.060996322898	0.997763497815	-0.177214829746
0.000000000000	0.000000000000	0.000000000000	1.000000000000
20	22	66
0.994119262963	-0.067001113350	0.085074918838	-0.993400853583
0.069101737998	0.997367266927	-0.021988284811	0.028320255424
-0.083377699722	0.027737802242	0.996131905681	-0.068240169593
0.000000000000	0.000000000000	0.000000000000	1.000000000000
20	23	66
0.995615487899	-0.025281433064	0.090059143883	-1.463392830873
0.053069497609	0.945499738783	-0.321269158783	0.049302371507
-0.077028752283	0.324639943789	0.942695856689	0.077020103409
0.000000000000	0.000000000000	0.000000000000	1.000000000000
20	34	66
0.430693222109	-0.385155087032	0.816185583898	-2.217268444742
0.293721704229	0.914947021133	0.276766163006	-0.243911494966
-0.853364464279	0.120530110154	0.507189889147	1.011343371397
0.000000000000	0.000000000000	0.000000000000	1.000000000000
20	64	66
0.750485468091	0.244061315025	-0.614170690193	2.473287137716
-0.165691764064	0.969116798136	0.182644109927	-0.397972632950
0.639779494440	-0.035308725238	0.767747023711	1.233669227101
0.000000000000	0.000000000000	0.000000000000	1.000000000000
20	65	66
0.825481214449	0.162128976055	-0.540643098277	1.727577582851
