0	1	60
0.997546423245	0.061787818767	-0.032915025789	-0.127826244358
-0.061193156016	0.997949279777	0.018778515650	-0.035223570384
0.034007809802	-0.016718266813	0.999281726255	0.118452403873
0.000000000000	0.000000000000	0.000000000000	1.000000000000
0	2	60
0.960655359162	0.110914262143	-0.254635636482	-0.385855963624
-0.096846906835	0.993029930253	0.067173166201	-0.208236507298
0.260311270500	-0.039869588340	0.964701227519	0.356955131147
0.000000000000	0.000000000000	0.000000000000	1.000000000000
0	3	60
0.935618074905	0.097604107639	-0.339252496059	-0.295453045375
-0.129055820912	0.989066193076	-0.071362881120	-0.506124076585
0.328577864439	0.110550910829	0.937984585756	0.596376426046
0.000000000000	0.000000000000	0.000000000000	1.000000000000
0	4	60
0.980514449977	-0.074020465294	0.181968085398	-0.090655167269
0.087299129543	0.993988771902	-0.066069533938	-0.480117851105
-0.175983736086	0.080667788189	0.981082276153	0.506171375671
0.000000000000	0.000000000000	0.000000000000	1.000000000000
0	5	60
0.947237531623	-0.213898626210	0.238722509181	0.138993256018
0.244605195293	0.963689657904	-0.107100614773	-0.205751257352
-0.207145738840	0.159842487952	0.965163728041	0.326084480413
0.000000000000	0.000000000000	0.000000000000	1.000000000000
0	6	60
0.953646706707	-0.154680342896	0.258131653052	0.367252583365
0.175390664670	0.982724099735	-0.059088565272	-0.015372723539
-0.244532356821	0.101623497877	0.964301089467	0.298190306711
0.000000000000	0.000000000000	0.000000000000	1.000000000000
0	10	60
0.999631810999	-0.018848392845	-0.019518722463	0.723605955650
0.017569220356	0.997811024949	-0.063753282158	-0.176438870660
0.020677643374	0.063386880165	0.997774793472	0.185431285787
0.000000000000	0.000000000000	0.000000000000	1.000000000000
0	11	60
0.971835352233	-0.232159564538	0.040472024220	0.480126668573
0.233217553578	0.972136245025	-0.023678974056	-0.229223810475
-0.033847021348	0.032450850569	0.998900055783	0.376165995908
0.000000000000	0.000000000000	0.000000000000	1.000000000000
0	12	60
0.986383355255	-0.150558200870	-0.066182358878	0.169465713806
0.149574931198	0.988556156680	-0.019597577578	-0.350115886745
0.068375554354	0.009431502551	0.997615071221	0.659285802720
0.000000000000	0.000000000000	0.000000000000	1.000000000000
0	13	60
0.973800322350	-0.126598080262	-0.188907009570	-0.083561618311
0.124202678299	0.991954010431	-0.024513993818	-0.410903134780
0.190490490299	0.000408978544	0.981688955750	0.695715553388
0.000000000000	0.000000000000	0.000000000000	1.000000000000
0	14	60
0.972331664116	-0.225767338816	-0.060002030637	-0.261305561400
0.228595618404	0.972465630679	0.045328141320	-0.545092004060
0.048116298726	-0.057790188380	0.997168549406	0.948617166622
0.000000000000	0.000000000000	0.000000000000	1.000000000000
0	15	60
0.875380416892	-0.415672183234	0.246831444120	-0.103718763751
0.376784380174	0.906528222321	0.190368361323	-0.612505974034
-0.302890502621	-0.073642502818	0.950175839095	1.051705304771
0.000000000000	0.000000000000	0.000000000000	1.000000000000
0	19	60
0.812722534448	-0.374620354920	0.446252923440	0.125100088689
0.409370301420	0.912145206058	0.020176208292	-0.188713909900
-0.414605883117	0.166285034640	0.894679411264	0.283112885973
0.000000000000	0.000000000000	0.000000000000	1.000000000000
0	26	60
0.780452698017	0.143670859197	-0.608483582667	2.441225665599
-0.134204707982	0.989049985786	0.061393989714	-0.355040744790
0.610641206039	0.033746256609	0.791188035584	0.715237920906
0.000000000000	0.000000000000	0.000000000000	1.000000000000
0	27	60
0.306987176345	0.318683831615	-0.896771703962	2.113680788703
-0.300193109165	0.926592595946	0.226517677781	-0.702406362725
0.903129542629	0.199666663729	0.380118734905	1.311518616152
0.000000000000	0.000000000000	0.000000000000	1.000000000000
0	28	60
0.171340580022	0.328796599704	-0.928727732794	1.571135058317
-0.268712911172	0.922523840836	0.277025512288	-0.962428335993
0.947858521620	0.202095420809	0.246417661463	1.746099814318
0.000000000000	0.000000000000	0.000000000000	1.000000000000
0	29	60
0.245814415641	0.314021130950	-0.917041985069	1.067921047312
-0.308095903689	0.922320234314	0.233243005264	-1.122263076132
0.919049610844	0.225202386070	0.323468233549	1.845484028130
0.000000000000	0.000000000000	0.000000000000	1.000000000000
0	31	60
-0.184581528669	0.551529985513	-0.813476695643	0.042434425055
-0.481553556456	0.670784013250	0.564052284662	-1.256086950851
0.856758910977	0.495846228833	0.141776887444	1.867970831707
0.000000000000	0.000000000000	0.000000000000	1.000000000000
0	32	60
-0.724999630054	0.520694222197	-0.450835960625	-0.057274707408
-0.337108574518	0.302539659926	0.891531021983	-1.316714977821
0.600610810265	0.798340329147	-0.043810654518	1.862534700713
0.000000000000	0.000000000000	0.000000000000	1.000000000000
0	37	60
0.371497138623	-0.673528305384	0.639022298392	-0.238971688636
0.509114069075	0.723352534379	0.466437536736	-1.092980549856
-0.776397282752	0.152055032320	0.611626132929	1.169856865735
0.000000000000	0.000000000000	0.000000000000	1.000000000000
0	38	60
0.630853808936	-0.620207985366	0.466224759788	-0.419980601055
0.440690946657	0.780962819969	0.442592999674	-0.855084281545
-0.638603915808	-0.073750448907	0.765993413810	0.699752592439
0.000000000000	0.000000000000	0.000000000000	1.000000000000
0	39	60
0.676762070035	-0.489526859421	0.549869579506	-0.410775631851
0.321794207944	0.868468525717	0.377108615088	-0.669937630953
-0.662149219055	-0.078267961166	0.745273465219	0.381718447268
0.000000000000	0.000000000000	0.000000000000	1.000000000000
0	41	60
0.961297232221	-0.098042552037	-0.257478716235	-0.477918985599
-0.014251696429	0.915595290820	-0.401848419901	-0.184006102856
0.275144544690	0.389965282324	0.878761946211	0.020654178329
0.000000000000	0.000000000000	0.000000000000	1.000000000000
1	2	60
0.969248701957	0.064587538949	-0.237456108719	-0.223894601653
-0.053542382835	0.997175023444	0.052680032831	-0.194052756034
0.240187774451	-0.038346087561	0.969968767834	0.220062003761
0.000000000000	0.000000000000	0.000000000000	1.000000000000
1	3	60
0.949189689357	0.048466613667	-0.310950029714	-0.107627091844
-0.079905524903	0.992805991561	-0.089170455929	-0.499723849264
0.304391262538	0.109486302706	0.946233960926	0.482079220930
0.000000000000	0.000000000000	0.000000000000	1.000000000000
1	4	60
0.965477422654	-0.143945726098	0.217101299590	0.077126599223
0.163646417386	0.983619386295	-0.075582755845	-0.442335705146
-0.202665232396	0.108501294199	0.973218512327	0.377825349381
0.000000000000	0.000000000000	0.000000000000	1.000000000000
1	5	60
0.919999533120	-0.273586421690	0.280626671799	0.264291684369
0.312806225226	0.943972468765	-0.105205720726	-0.164335641962
-0.236120995504	0.184570983853	0.954033766384	0.195398873732
0.000000000000	0.000000000000	0.000000000000	1.000000000000
1	10	60
0.997296488059	-0.071328055497	0.017664184219	0.860815298257
0.072552023475	0.993930364534	-0.082696035858	-0.077580534792
-0.011658421625	0.083754038445	0.996418256682	0.033581876503
0.000000000000	0.000000000000	0.000000000000	1.000000000000
1	11	60
0.953376199647	-0.291337540212	0.078716323656	0.627702487966
0.294322169380	0.955260906050	-0.029172966667	-0.165372784233
-0.066695446307	0.050980771238	0.996470109138	0.227016790786
0.000000000000	0.000000000000	0.000000000000	1.000000000000
1	12	60
0.972821409828	-0.228824316683	-0.035467402988	0.337598975274
0.227215662610	0.972839176362	-0.044237762152	-0.282814840107
0.044626754806	0.034976692674	0.998391247821	0.521936946549
0.000000000000	0.000000000000	0.000000000000	1.000000000000
1	13	60
0.974098512414	-0.179003639665	-0.138165788454	0.056296690656
0.174980828452	0.983724739783	-0.040833148470	-0.392953684753
0.143226386489	0.015599145054	0.989567010812	0.556197546667
0.000000000000	0.000000000000	0.000000000000	1.000000000000
1	14	60
0.960657566161	-0.275409068714	-0.035873185624	-0.059585352343
0.276280297347	0.960824062572	0.022052620731	-0.529200733021
0.028394328210	-0.031096071349	0.999113004856	0.814360758646
0.000000000000	0.000000000000	0.000000000000	1.000000000000
1	26	60
-0.228098995137	0.354912744327	-0.906646453879	1.443927828214
-0.461122680592	0.780757284881	0.421644323510	-1.281996769684
0.857517767665	0.514251889660	-0.014431636086	2.072229013447
0.000000000000	0.000000000000	0.000000000000	1.000000000000
1	27	60
0.332757763292	0.258275724259	-0.906954200182	2.313611995271
-0.276279098594	0.946261589721	0.168103728391	-0.535510994220
0.901633035469	0.194634668232	0.386232074371	1.161696397441
0.000000000000	0.000000000000	0.000000000000	1.000000000000
1	28	60
0.215196798317	0.288528107498	-0.932974741983	1.792747144505
-0.279699274072	0.933545450844	0.224190114171	-0.857584658500
0.935659475492	0.212707363276	0.281597094322	1.538017939882
0.000000000000	0.000000000000	0.000000000000	1.000000000000
1	29	60
0.280788372817	0.265842710241	-0.922217730855	1.312209985332
-0.299359463290	0.937196751416	0.179014415270	-1.039379084621
0.911889138782	0.225809438571	0.342736481897	1.667563848022
0.000000000000	0.000000000000	0.000000000000	1.000000000000
1	31	60
-0.293608463957	0.462619102979	-0.836527127744	0.273860394067
-0.505937938811	0.667277279196	0.546596592325	-1.296933694645
0.811061571007	0.583716196647	0.038138298438	1.852427699597
0.000000000000	0.000000000000	0.000000000000	1.000000000000
1	32	60
-0.640456036486	0.548640951277	-0.537409687213	0.276977745329
-0.425860412067	0.328617361155	0.843002692393	-1.303416979235
0.639107952355	0.768767673962	0.023179488941	1.712343173577
0.000000000000	0.000000000000	0.000000000000	1.000000000000
1	40	60
0.977906772492	-0.104182102914	-0.181230333407	-0.283584126305
0.024970547675	0.918968686725	-0.393539101702	0.001060032125
0.207544732680	0.380319132114	0.901267186624	-0.378200990556
0.000000000000	0.000000000000	0.000000000000	1.000000000000
1	41	60
0.968531457546	-0.130701290294	-0.211811209475	-0.339169228246
0.034352513058	0.913073735381	-0.406344999483	-0.206385113750
0.246509067968	0.386281667276	0.888830553557	-0.107042727137
0.000000000000	0.000000000000	0.000000000000	1.000000000000
2	3	60
0.997125601094	0.018594485100	-0.073449171319	0.180593281172
-0.028889426956	0.989488773862	-0.141694627317	-0.308639316204
0.070042391833	0.143409244905	0.987181772432	0.209760094295
0.000000000000	0.000000000000	0.000000000000	1.000000000000
2	11	60
0.893574603978	-0.282634855373	0.348772082676	0.724973675686
0.323979280772	0.943813806543	-0.065214447862	0.073158291698
-0.310744030927	0.171268902921	0.934935885575	-0.208654446950
0.000000000000	0.000000000000	0.000000000000	1.000000000000
2	12	60
0.947513336085	-0.254243676488	0.193852085125	0.626310364768
0.270572141784	0.960664721508	-0.062562040726	-0.091491509569
-0.170320856128	0.111729341782	0.979033891218	0.146609728041
0.000000000000	0.000000000000	0.000000000000	1.000000000000
2	13	60
0.971899378171	-0.221142516941	0.080669609592	0.378986654096
0.227639481236	0.970209616031	-0.082906981273	-0.191031671009
-0.059932172437	0.098940831624	0.993286890352	0.234717376097
0.000000000000	0.000000000000	0.000000000000	1.000000000000
2	14	60
0.921412308074	-0.335895874768	0.195379937159	0.308862971161
0.339833211397	0.940380883603	0.014042157444	-0.391373775523
-0.188448260702	0.053457974786	0.980627094246	0.509035296872
0.000000000000	0.000000000000	0.000000000000	1.000000000000
2	26	60
-0.707007120661	0.368410611227	-0.603667584743	1.117441943926
-0.351781263812	0.557295355661	0.752111580145	-1.708987040527
0.613507028293	0.744107188578	-0.264411834344	2.138558897393
0.000000000000	0.000000000000	0.000000000000	1.000000000000
2	27	60
0.515477280497	0.305389559105	-0.800637490055	2.774454469776
-0.324714845910	0.934271419836	0.147299636535	-0.384609121731
0.792996495665	0.184049263153	0.580760214370	0.366047418450
0.000000000000	0.000000000000	0.000000000000	1.000000000000
2	28	60
0.416142930776	0.277615533442	-0.865883754760	2.374932619530
-0.328817616639	0.933755868290	0.141346925760	-0.575175749397
0.847764139459	0.225897308585	0.479860781708	0.878998882404
0.000000000000	0.000000000000	0.000000000000	1.000000000000
2	29	60
0.488384432101	0.256380571790	-0.834116088377	1.899698958084
-0.304355215231	0.945888146814	0.112532291716	-0.808042489132
0.817831614358	0.198908562223	0.539987809521	1.046651893779
0.000000000000	0.000000000000	0.000000000000	1.000000000000
2	30	60
0.335951335294	0.342016846936	-0.877588272897	1.407861406059
-0.372893174354	0.903907871637	0.209526227743	-1.046046808559
0.864920447691	0.256856060867	0.431204804195	1.272467836968
0.000000000000	0.000000000000	0.000000000000	1.000000000000
2	31	60
0.010874261858	0.546791696960	-0.837198059341	0.926302950242
-0.542104446640	0.706754828671	0.454555146360	-1.081096767017
0.840240750834	0.448905838997	0.304103647384	1.366683311778
0.000000000000	0.000000000000	0.000000000000	1.000000000000
2	40	60
0.993367017143	-0.076283394850	0.086039600894	-0.262396692684
0.105805503498	0.899375693308	-0.424179864817	0.192322237637
-0.045024045591	0.430469750339	0.901481352753	-0.548881654848
0.000000000000	0.000000000000	0.000000000000	1.000000000000
2	41	60
0.994470288237	-0.098615644398	0.036108177662	-0.196446103245
0.104104498239	0.880455479115	-0.462558539801	0.017579746370
0.013823865611	0.463759748120	0.885853146274	-0.288163611187
0.000000000000	0.000000000000	0.000000000000	1.000000000000
2	42	60
0.985543820761	-0.099942357364	0.136802421629	-0.093916146195
0.148244433784	0.899614994446	-0.410751079876	-0.268491307263
-0.082018078561	0.425093386178	0.901425897019	0.118643143989
0.000000000000	0.000000000000	0.000000000000	1.000000000000
3	4	60
0.843792580223	-0.181810970136	0.504934503376	0.144852599395
0.176077962088	0.982573273266	0.059550935597	0.029819612676
-0.506962161141	0.038659200741	0.861100942613	-0.153114442329
0.000000000000	0.000000000000	0.000000000000	1.000000000000
3	5	60
0.779709119884	-0.272781876532	0.563598914305	0.242829207685
0.311096267975	0.949924225429	0.029378189087	0.296965447249
-0.543390099673	0.152427076918	0.825526005526	-0.412822133724
0.000000000000	0.000000000000	0.000000000000	1.000000000000
3	10	60
0.939296042376	-0.131130941803	0.317060910360	0.772009233494
0.124785217480	0.991363634473	0.040333531238	0.401111140544
-0.319611630381	0.001679388386	0.947547141508	-0.761267238184
0.000000000000	0.000000000000	0.000000000000	1.000000000000
3	11	60
0.863262763770	-0.325065510413	0.386147400132	0.577839187647
0.316899311139	0.944493883420	0.086637929229	0.332984133822
-0.392876860210	0.047578546866	0.918359436490	-0.489174343872
0.000000000000	0.000000000000	0.000000000000	1.000000000000
3	12	60
0.922928475893	-0.276603010108	0.267756985315	0.434591992953
0.264610860528	0.960977623411	0.080641799296	0.215899416659
-0.279614235825	-0.003575206621	0.960105773872	-0.119716138205
0.000000000000	0.000000000000	0.000000000000	1.000000000000
3	13	60
0.953905539696	-0.254835854282	0.158502077931	0.199305747704
0.248188556923	0.966805296292	0.060745034973	0.120570361178
-0.168720661298	-0.018606623378	0.985488270868	0.006641179327
0.000000000000	0.000000000000	0.000000000000	1.000000000000
3	14	60
0.889677082246	-0.367423730881	0.271061785044	0.142481672009
0.336138034704	0.928841266070	0.155772667920	-0.030787608823
-0.309007946420	-0.047473196981	0.949873878269	0.316602320444
0.000000000000	0.000000000000	0.000000000000	1.000000000000
3	26	60
0.951823176422	0.027783226733	-0.305386203253	2.518562535409
-0.003055315250	0.996696885074	0.081154077728	0.420797945016
0.306632199669	-0.076311280919	0.948764081598	-0.820558602073
0.000000000000	0.000000000000	0.000000000000	1.000000000000
3	27	60
0.614226491639	0.238699298283	-0.752162523640	2.572889594033
-0.178522510694	0.970475071475	0.162196944550	0.140342701676
0.768671275738	0.034652281965	0.638704696405	-0.080809345336
0.000000000000	0.000000000000	0.000000000000	1.000000000000
3	28	60
0.485356023240	0.255187414013	-0.836246921928	2.249533098243
-0.169563331985	0.965771755328	0.196298734219	-0.131259438246
0.857716624038	0.046522041436	0.512013566725	0.536215057279
0.000000000000	0.000000000000	0.000000000000	1.000000000000
3	29	60
0.557650176096	0.210100244386	-0.803046803374	1.797845234671
-0.153752350839	0.976841005788	0.148801424799	-0.286890736022
0.815712262818	0.040491193110	0.577038965382	0.768325502634
0.000000000000	0.000000000000	0.000000000000	1.000000000000
3	30	60
0.397717846107	0.313980608926	-0.862111763118	1.354751053093
-0.247282844742	0.941535480892	0.228827736339	-0.527314157470
0.883556285465	0.122176574843	0.452107481662	1.107998604038
0.000000000000	0.000000000000	0.000000000000	1.000000000000
3	40	60
0.987075011043	-0.073880069158	0.142213423963	-0.455539326051
0.114235238126	0.946741147639	-0.301050676362	0.413176723452
-0.112397655423	0.313405384046	0.942944236054	-0.796321897362
0.000000000000	0.000000000000	0.000000000000	1.000000000000
3	41	60
0.988624189186	-0.097618293070	0.114424129515	-0.413528992860
0.130563081766	0.934670664359	-0.330672089638	0.234229757973
-0.074669232196	0.341849993483	0.936783372888	-0.505883103322
0.000000000000	0.000000000000	0.000000000000	1.000000000000
3	42	60
0.973929091714	-0.080277570262	0.212173598795	-0.280746546853
0.138709912565	0.950815710019	-0.276963979132	0.024007354151
-0.179503995691	0.299173857971	0.937162375599	-0.067721344156
0.000000000000	0.000000000000	0.000000000000	1.000000000000
3	43	60
0.986829510621	-0.112606006603	0.116135284239	-0.109752884176
0.142584909009	0.944578165132	-0.295705315607	-0.098454332419
-0.076400658972	0.308369870824	0.948193525646	0.330344630906
0.000000000000	0.000000000000	0.000000000000	1.000000000000
3	44	60
0.916323806568	-0.119678538303	0.382135746806	-0.084039222867
0.205261929674	0.959766220865	-0.191615086860	-0.269806985469
-0.343828768057	0.254019386574	0.904022084631	0.675769975556
0.000000000000	0.000000000000	0.000000000000	1.000000000000
3	45	60
0.843020590506	-0.130018986035	0.521930404606	0.093318026564
0.243329497690	0.957562047140	-0.154485214281	-0.322057394685
-0.479694735781	0.257235279750	0.838881976988	0.904953606824
0.000000000000	0.000000000000	0.000000000000	1.000000000000
4	5	60
0.987607093175	-0.139559043509	0.071801830648	0.247146197007
0.142663280266	0.988959924332	-0.040068148568	0.226111459048
-0.065417260515	0.049815072425	0.996613787074	-0.160095475707
0.000000000000	0.000000000000	0.000000000000	1.000000000000
4	6	60
0.994705200705	-0.063744026156	0.080611803228	0.536135583279
0.064754978521	0.997851218949	-0.009986871324	0.437264412993
-0.079801982726	0.015154008431	0.996695540063	-0.151099771940
0.000000000000	0.000000000000	0.000000000000	1.000000000000
4	7	60
0.997640022959	-0.068120207313	0.008603600782	0.937088819807
0.067973124939	0.997552919182	0.016365442797	0.541659629563
-0.009697364432	-0.015742007097	0.999829060558	-0.299970091378
0.000000000000	0.000000000000	0.000000000000	1.000000000000
4	9	60
0.988613314905	0.110187938378	0.102480885185	1.358078385067
-0.113005036772	0.993348956252	0.022084220108	0.228594494219
-0.099365865650	-0.033413610247	0.994489796526	-0.271340389343
0.000000000000	0.000000000000	0.000000000000	1.000000000000
4	10	60
0.978295381988	0.057521468504	-0.199071409906	0.882849375561
-0.054675160969	0.998308449435	0.019770345464	0.212507522899
0.199871889854	-0.008456976286	0.979785541432	-0.189231600329
0.000000000000	0.000000000000	0.000000000000	1.000000000000
4	11	60
0.983848387876	-0.126150000023	-0.126998138442	0.610521620610
0.133830027457	0.989540546082	0.053842654199	0.195606701228
0.118877556437	-0.069969172887	0.990440528967	-0.048983679859
0.000000000000	0.000000000000	0.000000000000	1.000000000000
4	12	60
0.967317936794	-0.071474725807	-0.243284550943	0.246133511818
0.089669784870	0.993878103113	0.064541814622	0.131208968483
0.237182079504	-0.084247728302	0.967805239414	0.193030175219
0.000000000000	0.000000000000	0.000000000000	1.000000000000
4	13	60
0.938609083652	-0.020874467466	-0.344350467829	-0.033673783017
0.045794266199	0.996873333839	0.064392868108	0.110149586069
0.341929632043	-0.076209007918	0.936630297312	0.168044696783
0.000000000000	0.000000000000	0.000000000000	1.000000000000
4	14	60
0.968596151696	-0.107924964805	-0.223994859072	-0.251975836254
0.137534391595	0.983070767134	0.121062619890	-0.006457707005
0.207137118951	-0.148067784402	0.967041956264	0.398215932960
0.000000000000	0.000000000000	0.000000000000	1.000000000000
4	15	60
0.944463068016	-0.314494789754	0.095302362883	-0.129090515588
0.282898094637	0.925683213282	0.251155841457	-0.087895378339
-0.167207001061	-0.210246559699	0.963243584423	0.532542643954
0.000000000000	0.000000000000	0.000000000000	1.000000000000
4	18	60
0.730998738381	-0.352452989838	0.584309622067	-0.020768434571
0.326371116800	0.932576019424	0.154220174149	0.013797739003
-0.599268502930	0.077967031175	0.796742369556	0.153023664214
0.000000000000	0.000000000000	0.000000000000	1.000000000000
4	19	60
0.903888042791	-0.313719327472	0.290803352234	0.250480610430
0.312147175549	0.948550407515	0.053068495363	0.271409480733
-0.292490250944	0.042805466632	0.955309973322	-0.205960299911
0.000000000000	0.000000000000	0.000000000000	1.000000000000
4	20	60
0.909642613793	-0.238660451711	0.339987505594	0.315345417571
0.184317257278	0.965389230543	0.184528540398	0.164757440338
-0.372259941224	-0.105189459268	0.922148422879	-0.877448348935
0.000000000000	0.000000000000	0.000000000000	1.000000000000
4	25	60
0.870575839116	0.078587166448	-0.485717783921	2.536735533328
-0.001107561910	0.987473030162	0.157783991613	0.140542861854
0.492033008704	-0.136824968381	0.859757201990	0.199977115359
0.000000000000	0.000000000000	0.000000000000	1.000000000000
4	26	60
0.639055425181	0.237393310420	-0.731609581481	2.426614354976
-0.158300992422	0.971409733444	0.176929154093	-0.081575246128
0.752694466131	0.002746987018	0.658364256865	0.659056311989
0.000000000000	0.000000000000	0.000000000000	1.000000000000
4	27	60
0.104590290842	0.381436615651	-0.918459024291	1.985986303504
-0.273629922472	0.898917368592	0.342161116979	-0.376071657308
0.956131547743	0.215531140870	0.198390500592	1.205391829432
0.000000000000	0.000000000000	0.000000000000	1.000000000000
4	37	60
0.554651765311	-0.601578492593	0.574860623532	-0.360868020100
0.396861446730	0.798484156909	0.452685368954	-0.530082216202
-0.731342882195	-0.022942720298	0.681623958094	0.657721899309
0.000000000000	0.000000000000	0.000000000000	1.000000000000
4	38	60
0.784294858082	-0.496734882821	0.371666559936	-0.444621451092
0.307944108786	0.831781605012	0.461854725458	-0.310753189722
-0.538564760683	-0.247777758793	0.805328616652	0.140625444515
0.000000000000	0.000000000000	0.000000000000	1.000000000000
4	39	60
0.810866490130	-0.383261204744	0.442274105192	-0.324413082175
0.211238053722	0.896452156781	0.389553610255	-0.164031022499
-0.545778361466	-0.222450847472	0.807862364895	-0.172832904193
0.000000000000	0.000000000000	0.000000000000	1.000000000000
4	41	60
0.887409078052	-0.085171986062	-0.453046201818	-0.208289565945
-0.064722485634	0.950028528711	-0.305379754550	0.277882462872
0.456416616749	0.300319042729	0.837551398142	-0.567700779008
0.000000000000	0.000000000000	0.000000000000	1.000000000000
5	6	60
0.997324649397	0.070952500591	0.017586539293	0.304362573624
-0.071617133970	0.996605930199	0.040590713401	0.143522592955
-0.014646836734	-0.041741616552	0.999021074663	0.022298570823
0.000000000000	0.000000000000	0.000000000000	1.000000000000
5	7	60
0.995642771601	0.070469789981	-0.061069469118	0.768373772964
-0.066553096699	0.995730958514	0.063957357487	0.210169751354
0.065315822571	-0.059614318389	0.996082314051	-0.100075849179
0.000000000000	0.000000000000	0.000000000000	1.000000000000
5	8	60
0.985432046937	0.148857806696	0.082249828304	1.124380118906
-0.162412505425	0.967173167454	0.195443706061	0.116818801843
-0.050456505547	-0.205954892010	0.977259803484	-0.092852152291
0.000000000000	0.000000000000	0.000000000000	1.000000000000
5	9	60
0.963629970018	0.263759624459	0.042990014977	1.098513285500
-0.265779765898	0.962676973117	0.051128871200	-0.164815098837
-0.027899765626	-0.060695188738	0.997766353984	-0.036548012590
0.000000000000	0.000000000000	0.000000000000	1.000000000000
5	10	60
0.945329213876	0.213188616125	-0.246785922100	0.619919196077
-0.194421324678	0.975973996062	0.098362124425	-0.110665016332
0.261826327749	-0.045004143871	0.964065143614	0.011284418502
0.000000000000	0.000000000000	0.000000000000	1.000000000000
5	11	60
0.983600934889	0.013185172284	-0.179875935346	0.340070644998
0.009146903439	0.992394083210	0.122761222573	-0.080049221504
0.180126441819	-0.122393361102	0.975999144526	0.139879460816
0.000000000000	0.000000000000	0.000000000000	1.000000000000
5	12	60
0.954118036184	0.076468869046	-0.289501787723	-0.044824082676
-0.033340943692	0.987959628645	0.151076648231	-0.081529594770
0.297568739120	-0.134492692120	0.945179644970	0.349800435864
0.000000000000	0.000000000000	0.000000000000	1.000000000000
5	15	60
0.984529996048	-0.155807369579	0.080154541145	-0.456732476091
0.128477488549	0.952996183947	0.274393528202	-0.209727913056
-0.119139505696	-0.259850605094	0.958271068756	0.687414748231
0.000000000000	0.000000000000	0.000000000000	1.000000000000
5	16	60
0.837165388723	-0.338613795315	0.429528589905	-0.392231967373
0.228597046965	0.930053210874	0.287653289675	-0.234055112386
-0.496887816355	-0.142624410829	0.856014471486	0.635591009318
0.000000000000	0.000000000000	0.000000000000	1.000000000000
5	17	60
0.625660005645	-0.299595336754	0.720272303738	-0.340187301520
0.227352985394	0.953259104583	0.199016832360	-0.242602376588
-0.746230646227	0.039239186093	0.664529990975	0.534408043521
0.000000000000	0.000000000000	0.000000000000	1.000000000000
5	18	60
0.811149428265	-0.226062485605	0.539381458365	-0.281914336323
0.189165433789	0.974111451982	0.123787389407	-0.177018620242
-0.553401340516	0.001622257406	0.832913155494	0.302222196671
0.000000000000	0.000000000000	0.000000000000	1.000000000000
5	19	60
0.952348708632	-0.178576469347	0.247269856154	-0.019690484772
0.169532956406	0.983841330013	0.057574421841	0.040977073613
-0.253555741128	-0.012910536546	0.967234616930	-0.050096962706
0.000000000000	0.000000000000	0.000000000000	1.000000000000
5	20	60
0.961683480669	-0.058232455458	0.267906446618	0.269787262383
0.009887688020	0.983913533576	0.178371500167	-0.118888759859
-0.273983788998	-0.168887949770	0.946789175999	-0.719478919640
0.000000000000	0.000000000000	0.000000000000	1.000000000000
5	21	60
0.863427916245	-0.198947386653	0.463586206430	0.394886122081
0.100917917164	0.968494925451	0.227668955660	-0.099725786666
-0.494275032187	-0.149791577600	0.856302911262	-0.587479367617
0.000000000000	0.000000000000	0.000000000000	1.000000000000
5	25	60
0.843673876179	0.220837122827	-0.489331539792	2.176466109694
-0.083445069409	0.954341207894	0.286827089562	-0.432081940664
0.530331321954	-0.201156218142	0.823580515103	0.473819178871
0.000000000000	0.000000000000	0.000000000000	1.000000000000
5	26	60
0.568497707000	0.373962593996	-0.732777138991	2.033962165399
-0.212179651131	0.927229181604	0.308586844224	-0.563719305502
0.794852283623	-0.019950515643	0.606474916336	0.962619047703
0.000000000000	0.000000000000	0.000000000000	1.000000000000
5	36	60
0.450025275753	-0.541835850722	0.709852915790	-0.487675908198
0.415959213147	0.830582662835	0.370284178971	-0.778531650814
-0.790224768140	0.128632620554	0.599164805999	1.289796811928
0.000000000000	0.000000000000	0.000000000000	1.000000000000
5	37	60
0.634871705186	-0.493401890932	0.594552345870	-0.758901221164
0.285400403663	0.864868887078	0.412975081275	-0.634242818261
-0.717972511690	-0.092500714538	0.689897883942	0.816147560502
0.000000000000	0.000000000000	0.000000000000	1.000000000000
5	38	60
0.847993456612	-0.369717754165	0.379757659302	-0.768464835583
0.183464012148	0.876980968973	0.444123109403	-0.425270352925
-0.497240438611	-0.306941626885	0.811504025804	0.271928101376
0.000000000000	0.000000000000	0.000000000000	1.000000000000
5	39	60
0.868812624317	-0.230598865077	0.438165251078	-0.577179040982
0.066067868914	0.931007411204	0.358971080982	-0.299985289215
-0.490713419955	-0.282929962551	0.824106167776	-0.036108622839
0.000000000000	0.000000000000	0.000000000000	1.000000000000
6	7	60
0.996982665402	0.021285311473	-0.074649182204	0.463549301121
-0.019289557928	0.999439651097	0.027355013603	0.080042243339
0.075189612601	-0.025832524650	0.996834591508	-0.112401128248
0.000000000000	0.000000000000	0.000000000000	1.000000000000
6	8	60
0.996538489900	0.059616983556	0.057938358788	0.807283315618
-0.068450343964	0.983931140208	0.164906221046	0.046839024861
-0.047176143956	-0.168301297084	0.984606055659	-0.103006448036
0.000000000000	0.000000000000	0.000000000000	1.000000000000
6	9	60
0.979553151576	0.196950249433	0.041063639474	0.773322129882
-0.197838513699	0.980054635276	0.018783885966	-0.256499800739
-0.036545119181	-0.026523784098	0.998979951321	-0.067511025548
0.000000000000	0.000000000000	0.000000000000	1.000000000000
6	10	60
0.955417703328	0.149746098226	-0.254466340078	0.299392428411
-0.143710722513	0.988717171503	0.042256159425	-0.229025758989
0.257922935005	-0.003802741202	0.966158009209	-0.015371961349
0.000000000000	0.000000000000	0.000000000000	1.000000000000
6	11	60
0.980877658828	-0.060121111754	-0.185106645837	0.007400122124
0.074751949383	0.994519403945	0.073097888068	-0.231228587141
0.179697424787	-0.085537167934	0.979996034904	0.107705284418
0.000000000000	0.000000000000	0.000000000000	1.000000000000
6	12	60
0.953689560406	-0.020200799143	-0.300113561985	-0.378456323498
0.046014140377	0.995796637773	0.079194413225	-0.258486601171
0.297252285540	-0.089336352705	0.950610380138	0.315539566893
0.000000000000	0.000000000000	0.000000000000	1.000000000000
6	15	60
0.970537565323	-0.239222016518	0.028803838465	-0.729936214195
0.224379492246	0.940877209458	0.253779274531	-0.467984059580
-0.087810464960	-0.239839328583	0.966833190736	0.634921377060
0.000000000000	0.000000000000	0.000000000000	1.000000000000
6	16	60
0.822764350150	-0.413004853930	0.390494321024	-0.653592880689
0.317437587997	0.903788538897	0.287053400408	-0.459496712226
-0.471478739552	-0.112219729053	0.874708254541	0.572574978334
0.000000000000	0.000000000000	0.000000000000	1.000000000000
6	17	60
0.607513940326	-0.381508480731	0.696690814809	-0.630477104106
0.312203404046	0.921199379142	0.232208394272	-0.468107925768
-0.730380617768	0.076439407370	0.678749711005	0.483045459829
0.000000000000	0.000000000000	0.000000000000	1.000000000000
6	18	60
0.792525848936	-0.298331913368	0.531884243266	-0.596379908610
0.269485855317	0.953720659062	0.133395195803	-0.377485205378
-0.547065035030	0.037616139429	0.836244505813	0.264184394446
0.000000000000	0.000000000000	0.000000000000	1.000000000000
6	19	60
0.940040869221	-0.247717141762	0.234434173856	-0.317632928197
0.244491231003	0.968688429446	0.043206071556	-0.134735248545
-0.237796556234	0.016701626694	0.971171382151	-0.074766393167
0.000000000000	0.000000000000	0.000000000000	1.000000000000
6	20	60
0.958944752932	-0.128861002187	0.252625816058	-0.041467591991
0.091670347880	0.983830158276	0.153866068341	-0.228044561472
-0.268368232366	-0.124390762448	0.955251500954	-0.739246728674
0.000000000000	0.000000000000	0.000000000000	1.000000000000
6	21	60
0.859447161729	-0.238731081574	0.452059782425	0.086777040067
0.151582398897	0.963504908054	0.220637867332	-0.213719661502
-0.488234935804	-0.121102282584	0.864268988575	-0.610771340883
0.000000000000	0.000000000000	0.000000000000	1.000000000000
6	24	60
0.995692537194	-0.071861416922	0.058585903893	1.483377483657
0.063887339681	0.989693089673	0.128163942209	-0.277505275312
-0.067192106721	-0.123868983253	0.990021058252	-0.110838639491
0.000000000000	0.000000000000	0.000000000000	1.000000000000
6	25	60
0.840491237886	0.169736416762	-0.514552259602	1.897548967000
-0.065918702852	0.974643545977	0.213833306338	-0.455493426043
0.537800338091	-0.145806402843	0.830368164876	0.460260140306
0.000000000000	0.000000000000	0.000000000000	1.000000000000
6	26	60
0.575537721863	0.313963720276	-0.755104703378	1.750886374720
-0.203799975187	0.949298073505	0.239371547502	-0.637404247197
0.791973421793	0.016122964684	0.610342648996	0.933623968498
0.000000000000	0.000000000000	0.000000000000	1.000000000000
6	35	60
-0.215879310239	-0.646382567675	0.731837208412	-0.741760978036
0.599672722614	0.503734099354	0.621807512740	-1.043570572992
-0.770576893738	0.573098188231	0.278872224295	1.406284619394
0.000000000000	0.000000000000	0.000000000000	1.000000000000
6	36	60
0.435191021700	-0.591167095327	0.679065711132	-0.760369521000
0.469652318992	0.792544702370	0.388972484902	-1.013419098307
-0.768137665980	0.149647452864	0.622551335999	1.213393780373
0.000000000000	0.000000000000	0.000000000000	1.000000000000
6	37	60
0.617059590318	-0.549757807181	0.563030918725	-1.036621130777
0.355105104915	0.833032674899	0.424213303675	-0.883923105953
-0.702237727881	-0.061829733909	0.709252604891	0.751792858096
0.000000000000	0.000000000000	0.000000000000	1.000000000000
6	38	60
0.839168464519	-0.423128643351	0.341699340549	-1.051360140817
0.250645064706	0.858452919150	0.447476968280	-0.669227887519
-0.482673118885	-0.289863307057	0.826441724217	0.224408149939
0.000000000000	0.000000000000	0.000000000000	1.000000000000
6	39	60
0.860293432651	-0.294825482065	0.415900402576	-0.887933121885
0.140269701205	0.921215371631	0.362886552513	-0.522954460744
-0.490122046700	-0.253850692724	0.833870616548	-0.071708111616
0.000000000000	0.000000000000	0.000000000000	1.000000000000
6	53	60
0.741486501487	-0.237715447713	0.627446518861	-0.894693863466
0.157392156070	0.970667113236	0.181750005474	-0.839235004862
-0.652246485096	-0.036010015282	0.757151108749	1.587193417071
0.000000000000	0.000000000000	0.000000000000	1.000000000000
6	54	60
0.458223683586	-0.339613228749	0.821397535095	-0.742844360861
0.280712413454	0.932122893175	0.228795657633	-0.756320020735
-0.843345478872	0.125736895452	0.522454434749	1.398030591876
0.000000000000	0.000000000000	0.000000000000	1.000000000000
6	59	60
0.423470696209	-0.514563433556	0.745585033580	-1.006592061224
0.290110662504	0.856708805744	0.426480744773	-0.415757960524
-0.858200660075	0.035700070136	0.512071413027	0.911309973519
0.000000000000	0.000000000000	0.000000000000	1.000000000000
7	8	60
0.988983911371	0.041620809342	0.142051157257	0.321688466217
-0.060537691635	0.989457514030	0.131563732924	-0.018148190246
-0.135077795880	-0.138713864337	0.981077190083	-0.017778178161
0.000000000000	0.000000000000	0.000000000000	1.000000000000
7	9	60
0.978053272961	0.176103403435	0.111352532743	0.329403625272
-0.177020264285	0.984205778127	-0.001677001314	-0.337307139724
-0.109889131774	-0.018071458152	0.993779553582	0.011634186831
0.000000000000	0.000000000000	0.000000000000	1.000000000000
7	10	60
0.973798901930	0.122336859333	-0.191701307895	-0.109867485075
-0.121838704829	0.992445016711	0.014429789029	-0.314570297928
0.192018302788	0.009304926356	0.981347231993	0.099792366957
0.000000000000	0.000000000000	0.000000000000	1.000000000000
7	11	60
0.990254242466	-0.059425188213	-0.125957065240	-0.382012985306
0.064243591758	0.997336317772	0.034540268829	-0.304900263216
0.123568993668	-0.042295582022	0.991434207371	0.254489196058
0.000000000000	0.000000000000	0.000000000000	1.000000000000
7	15	60
0.962560975588	-0.249524039553	0.105896751411	-1.114013862115
0.220917753785	0.948521830279	0.226939823625	-0.560480638098
-0.157072321995	-0.195048945573	0.968134388654	0.818099042541
0.000000000000	0.000000000000	0.000000000000	1.000000000000
7	16	60
0.787547929954	-0.417057365937	0.453686468327	-1.071039878610
0.330395567711	0.907202106902	0.260428696707	-0.554431754536
-0.520199026203	-0.055204082726	0.852259046528	0.755712512296
0.000000000000	0.000000000000	0.000000000000	1.000000000000
7	17	60
0.548022788229	-0.384244509264	0.742985316600	-1.034557594058
0.341309119373	0.913658632972	0.220762287154	-0.567682404362
-0.763661645374	0.132604899974	0.631851906611	0.661693981296
0.000000000000	0.000000000000	0.000000000000	1.000000000000
7	18	60
0.752911390397	-0.297468905923	0.587057653233	-0.987515533392
0.292669607315	0.950300714283	0.106174636276	-0.457995460834
-0.589464960082	0.091873839820	0.802552339971	0.436401182063
0.000000000000	0.000000000000	0.000000000000	1.000000000000
7	19	60
0.920339404089	-0.249527719455	0.301183164376	-0.757694910273
0.256570593748	0.966382500437	0.016625079656	-0.217686480634
-0.295206557692	0.061974027407	0.953421369712	0.095791427172
0.000000000000	0.000000000000	0.000000000000	1.000000000000
7	20	60
0.935595745820	-0.156769397426	0.316360484944	-0.530253877466
0.118490228516	0.983468653745	0.136928714476	-0.298958185411
-0.332596852285	-0.090624296589	0.938704730316	-0.601595601138
0.000000000000	0.000000000000	0.000000000000	1.000000000000
7	21	60
0.816227251757	-0.273058150147	0.509128981818	-0.411158111074
0.193136549016	0.959521260147	0.204981035125	-0.282358279271
-0.544491824478	-0.068979692410	0.835924909972	-0.480760969688
0.000000000000	0.000000000000	0.000000000000	1.000000000000
7	24	60
0.991774703475	-0.054047897157	0.116024835096	1.087712683668
0.042871829826	0.994385104461	0.096748489563	-0.359156412196
-0.120602420181	-0.090978507562	0.988523124367	-0.076626685949
0.000000000000	0.000000000000	0.000000000000	1.000000000000
7	25	60
0.879172948768	0.143298381274	-0.454445266318	1.484191812665
-0.062752485470	0.980222076249	0.187688057164	-0.525380102670
0.472352677268	-0.136492692693	0.870777062812	0.448894792856
0.000000000000	0.000000000000	0.000000000000	1.000000000000
7	26	60
0.639491214539	0.293297752521	-0.710652808967	1.367843298870
-0.194053856445	0.956017201572	0.219941381047	-0.716232600555
0.743904622466	-0.002745662720	0.668280161317	0.922709403844
0.000000000000	0.000000000000	0.000000000000	1.000000000000
7	35	60
-0.278333451503	-0.614437453047	0.738239192991	-1.036705167417
0.626143778541	0.466764611163	0.624559657968	-1.182536806721
-0.728336775379	0.636079723038	0.254809983263	1.539581625112
0.000000000000	0.000000000000	0.000000000000	1.000000000000
7	36	60
0.377601370661	-0.582744257568	0.719601511356	-1.094136915992
0.496156656464	0.783489249805	0.374129880772	-1.129947757614
-0.781822087896	0.215763124076	0.584979057033	1.376438068848
0.000000000000	0.000000000000	0.000000000000	1.000000000000
7	37	60
0.554748394119	-0.572855911092	0.603398976092	-1.403700828798
0.393474033279	0.819630881615	0.416393327322	-1.012299450010
-0.733097813636	0.006428299146	0.680092841172	0.959864987852
0.000000000000	0.000000000000	0.000000000000	1.000000000000
7	38	60
0.784594960271	-0.474904778098	0.398592774718	-1.472388058765
0.280048732294	0.845015489364	0.455545310891	-0.827970220272
-0.553157713368	-0.245793153839	0.795991375373	0.459734226188
0.000000000000	0.000000000000	0.000000000000	1.000000000000
7	39	60
0.817223150727	-0.329353582862	0.472940312695	-1.324573772047
0.169490751537	0.921676404533	0.348977779336	-0.620949368998
-0.550835008927	-0.205033711332	0.809037681544	0.126684791126
0.000000000000	0.000000000000	0.000000000000	1.000000000000
7	53	60
0.684115165506	-0.262612746881	0.680456453787	-1.194046616946
0.228384236473	0.963144934946	0.142100228074	-0.946643629252
-0.692695518143	0.058192606604	0.718878668261	1.754946353368
0.000000000000	0.000000000000	0.000000000000	1.000000000000
7	54	60
0.375834570389	-0.336486423441	0.863438047888	-1.093812681667
0.303861558662	0.924981126873	0.228206196446	-0.886462870674
-0.875452185370	0.176597853238	0.449885173531	1.600511765766
0.000000000000	0.000000000000	0.000000000000	1.000000000000
7	58	60
0.083646551484	-0.551097477222	0.830237812331	-1.499282100277
0.328403720649	0.801858583087	0.499173125272	-0.605617130174
-0.940826365855	0.230899076071	0.248055167213	1.233544877930
0.000000000000	0.000000000000	0.000000000000	1.000000000000
7	59	60
0.358855672477	-0.521263256058	0.774278518503	-1.379951511641
0.334412714785	0.846264101838	0.414735103566	-0.538415210091
