0	8	57
0.756792015980	0.030816993538	-0.652928906894	-0.194170868612
-0.173234096254	0.972625640872	-0.154884830159	0.125803995136
0.630282311701	0.230325151965	0.741413873575	-0.297605120835
0.000000000000	0.000000000000	0.000000000000	1.000000000000
0	9	57
0.904541125002	0.098587715785	-0.414832273909	-0.175576477732
-0.038964226771	0.987943686022	0.149830111397	-0.029484199583
0.424602334205	-0.119363878730	0.897477087308	0.072955918010
0.000000000000	0.000000000000	0.000000000000	1.000000000000
0	10	57
0.520008156371	0.255050951161	-0.815193553471	0.824241056597
-0.258080424629	0.956688280994	0.134692343626	-0.231640644579
0.814239529703	0.140344381148	0.563309366999	0.548807155362
0.000000000000	0.000000000000	0.000000000000	1.000000000000
0	15	57
0.498583431647	-0.501734157306	0.706878629667	0.190843274216
0.425805291432	0.852057527244	0.304446750772	-0.078564333237
-0.755052591199	0.149200555159	0.638462824967	0.324126257921
0.000000000000	0.000000000000	0.000000000000	1.000000000000
0	23	57
-0.378636488702	-0.358011375368	0.853500008512	-1.296802192675
0.403854005968	0.765834188912	0.500399777135	-0.465242769995
-0.832788299202	0.534159012093	-0.145388440093	1.563252987876
0.000000000000	0.000000000000	0.000000000000	1.000000000000
0	29	57
0.367054283264	-0.352853962016	0.860677195368	-2.701762101118
0.370572253076	0.904136893472	0.212632742335	0.265322651774
-0.853198311290	0.240895328622	0.462625207117	-0.494667367207
0.000000000000	0.000000000000	0.000000000000	1.000000000000
1	26	57
0.998694607292	0.051068612664	-0.001038348224	-1.447158100746
-0.051002740470	0.995882637121	-0.074943268852	0.666508469573
-0.002793175801	0.074898397061	0.997187258386	-0.746164837489
0.000000000000	0.000000000000	0.000000000000	1.000000000000
2	3	57
0.663194027336	-0.377739124196	0.646132212598	-0.288090131998
0.068698096242	0.890374682019	0.450014996630	0.206864867057
-0.745288034036	-0.254059205051	0.616441129915	-0.004589257376
0.000000000000	0.000000000000	0.000000000000	1.000000000000
2	12	57
0.977345900721	0.079937295933	0.195971985405	-0.207937453862
-0.135149125224	0.948287193593	0.287203956134	0.203289742926
-0.162879416427	-0.307183051594	0.937608056982	-0.159517097250
0.000000000000	0.000000000000	0.000000000000	1.000000000000
2	23	57
0.849154924856	-0.215510755786	0.482173234153	-1.502748862710
0.031085348072	0.931769676714	0.361716699491	0.362257185308
-0.527228237795	-0.292164993961	0.797916036670	-0.377761618389
0.000000000000	0.000000000000	0.000000000000	1.000000000000
2	24	57
0.924764035088	0.227223681992	-0.305255430337	-0.911817152871
-0.079999100201	0.900318315122	0.427816637618	0.295809405518
0.372037126339	-0.371209280323	0.850759688060	-0.439102241076
0.000000000000	0.000000000000	0.000000000000	1.000000000000
2	25	57
0.902939143580	0.241644648038	-0.355399447194	-0.406262190054
-0.052371116217	0.882659660711	0.467085848148	0.221614907892
0.426565550856	-0.403137429952	0.809643158060	-0.547020305880
0.000000000000	0.000000000000	0.000000000000	1.000000000000
3	11	57
-0.481179679883	-0.068329935433	0.873954881897	-1.316443505035
0.605642424944	0.694855311988	0.387780025928	-0.537781008153
-0.633769176258	0.715896022705	-0.292966748796	0.901976587012
0.000000000000	0.000000000000	0.000000000000	1.000000000000
3	15	57
0.409281343297	0.554708164743	-0.724422276022	-0.543724216666
-0.498254075060	0.801010177002	0.331851733497	-0.312455005877
0.764350481595	0.225125627831	0.604224124790	0.560902422293
0.000000000000	0.000000000000	0.000000000000	1.000000000000
3	23	57
0.960450813740	0.228307570570	-0.159404791664	-0.717193197845
-0.257093129613	0.946969491730	-0.192748292960	1.065899915490
0.106945580044	0.226107131585	0.968213926751	-0.788189274865
0.000000000000	0.000000000000	0.000000000000	1.000000000000
3	27	57
0.795570473006	0.354577920606	-0.491265835062	1.429547554347
-0.320220744988	0.934432880786	0.155864895935	0.540474661009
0.514321200185	0.033312002707	0.856950414853	-0.981814286887
0.000000000000	0.000000000000	0.000000000000	1.000000000000
3	28	57
0.962740067623	0.124775018440	-0.239922397800	1.365480161527
-0.196829508149	0.931699521457	-0.305277163310	0.483905880859
0.185444619536	0.341126364402	0.921543865801	-1.336961267771
0.000000000000	0.000000000000	0.000000000000	1.000000000000
4	11	57
-0.209141460615	-0.124525365760	0.969924369595	-1.734406790205
0.064897554931	0.987904821240	0.140827453058	0.314750767154
-0.975729551062	0.092398579282	-0.198530465498	1.069269911134
0.000000000000	0.000000000000	0.000000000000	1.000000000000
4	12	57
0.910199412929	-0.088589760715	0.404584827940	-1.875735657337
-0.100322037706	0.900607422388	0.422896866258	0.262338912154
-0.401836431217	-0.425509253762	0.810844841822	0.734031608360
0.000000000000	0.000000000000	0.000000000000	1.000000000000
4	16	57
0.621627587692	0.385398547207	-0.681943620860	-0.274483099251
0.051312502105	0.848683905644	0.526405409764	0.068092819455
0.781630455745	-0.362220358500	0.507789565213	0.626966718972
0.000000000000	0.000000000000	0.000000000000	1.000000000000
4	28	57
0.854247515825	0.135381874790	-0.501929207842	1.558582334185
0.022297855251	0.955066176744	0.295552708819	-0.118885194494
0.519388089349	-0.263667112127	0.812844183485	-0.451986988308
0.000000000000	0.000000000000	0.000000000000	1.000000000000
5	7	57
-0.108675084336	-0.501582634510	0.858256713811	-2.862251583647
0.595658757452	0.658351533241	0.460178121328	0.148883135276
-0.795851977892	0.561238023869	0.227225680434	0.253604953533
0.000000000000	0.000000000000	0.000000000000	1.000000000000
5	27	57
-0.220624934106	0.671491939184	-0.707405975422	1.131846991410
-0.444955991341	0.576117097022	0.685640763293	-0.698532778204
0.867950922703	0.466033975296	0.171678564909	0.911406887170
0.000000000000	0.000000000000	0.000000000000	1.000000000000
5	33	57
0.858399893321	0.380149589590	-0.344435643742	1.904295181670
-0.196412605359	0.863835678502	0.463907328034	-0.862194947792
0.473889978372	-0.330566498729	0.816182625591	1.067114453996
0.000000000000	0.000000000000	0.000000000000	1.000000000000
5	34	57
0.966266387568	-0.236172449420	-0.102722161146	-0.811979145819
0.141884350685	0.821019558803	-0.552987988200	0.648929792212
0.214937431097	0.519759038591	0.826832777843	0.741645895935
0.000000000000	0.000000000000	0.000000000000	1.000000000000
5	35	57
0.980124475318	0.068316179753	-0.186249597228	1.796862620979
-0.031808340292	0.980806810317	0.192370034891	-0.862858324813
0.195816859262	-0.182622288947	0.963485784643	1.029337505892
0.000000000000	0.000000000000	0.000000000000	1.000000000000
6	7	57
0.648582763713	-0.511084172974	0.564033125578	-0.208297723986
0.151045383242	0.812719013107	0.562737148175	-0.026107095570
-0.746006495156	-0.279787015193	0.604312448419	-0.027517515119
0.000000000000	0.000000000000	0.000000000000	1.000000000000
6	19	57
0.821015676784	0.007268055116	0.570859381853	0.259881761869
-0.026812669715	0.999306465124	0.025839301544	-0.040477853109
-0.570275669494	-0.036520735704	0.820641149740	-0.387482175307
0.000000000000	0.000000000000	0.000000000000	1.000000000000
6	22	57
0.940326293467	0.204068958518	-0.272290877525	0.702121886414
-0.018359401979	0.829471614635	0.558247053619	-0.036563354574
0.339778448659	-0.519935285093	0.783720552967	-0.348733019661
0.000000000000	0.000000000000	0.000000000000	1.000000000000
6	33	57
0.493643703049	0.713100296946	-0.497799016607	0.971668767613
0.095090884531	0.524712831008	0.845951634938	-0.046735569085
0.864449893354	-0.464934846480	0.191211846940	2.215939762384
0.000000000000	0.000000000000	0.000000000000	1.000000000000
6	34	57
0.727326032399	0.100130039451	-0.678948317469	1.098292486520
-0.089151750855	0.994701605613	0.051192588429	-0.168307786322
0.680476897414	0.023295729013	0.732399140562	1.782095161441
0.000000000000	0.000000000000	0.000000000000	1.000000000000
6	35	57
0.756472165921	0.430517423354	-0.492346027073	0.885955372625
0.046634758438	0.715370582319	0.697187298549	-0.082863272947
0.652361143457	-0.550363223826	0.521080857802	2.137264707167
0.000000000000	0.000000000000	0.000000000000	1.000000000000
6	36	57
0.885139087918	0.269996010061	-0.378986740654	1.734760600621
0.057831233086	0.744310245964	0.665325338637	-0.071070370255
0.461718900977	-0.610822733945	0.643203890050	0.603412157144
0.000000000000	0.000000000000	0.000000000000	1.000000000000
6	37	57
-0.765141553459	0.495747766129	-0.410843711827	2.049430189569
0.154551790299	0.760850504908	0.630254118033	-0.291816247198
0.625037716690	0.418736983750	-0.658777042067	3.718924219947
0.000000000000	0.000000000000	0.000000000000	1.000000000000
7	8	57
0.757159175699	0.037730845282	0.652139836207	-0.366258277577
0.331897170603	0.837647892499	-0.433809032107	0.233812490752
-0.562631540886	0.544905855636	0.621710027017	-0.328373476450
0.000000000000	0.000000000000	0.000000000000	1.000000000000
7	9	57
0.575646929470	-0.263171547646	0.774190770484	0.053481988611
0.492079468934	0.867654976875	-0.070941083714	0.259437280630
-0.653060800268	0.421800400206	0.628964238681	-0.442832430918
0.000000000000	0.000000000000	0.000000000000	1.000000000000
7	10	57
0.918735086566	-0.003366671745	0.394860109703	0.751983085245
0.157990452640	0.919570908369	-0.359761534013	0.872407597756
-0.361890670767	0.392909671556	0.845373960097	-1.267947328482
0.000000000000	0.000000000000	0.000000000000	1.000000000000
7	11	57
0.645638621822	0.232626349064	-0.727348439011	1.464171389955
-0.429438714148	0.898198260093	-0.093926973530	0.560298685846
0.631453213471	0.372994460128	0.679810246989	-1.180421742073
0.000000000000	0.000000000000	0.000000000000	1.000000000000
7	13	57
0.758112720614	0.310239946379	-0.573599405957	1.081206878417
-0.363895487498	0.931163575522	0.022681926722	0.756371399795
0.541151713498	0.191534778283	0.818821868104	-1.184757623898
0.000000000000	0.000000000000	0.000000000000	1.000000000000
7	18	57
0.466408890552	0.526899311086	-0.710520839097	0.786107275726
-0.482635773213	0.824725500145	0.294772047225	-0.369730330368
0.741299842998	0.205438471050	0.638959761944	0.291745075201
0.000000000000	0.000000000000	0.000000000000	1.000000000000
7	20	57
0.995911640115	-0.053902258768	0.072488285830	1.529851891590
0.050559383781	0.997605690757	0.047187227950	-0.714799062897
-0.074858224628	-0.043329346517	0.996252384658	0.620723767866
0.000000000000	0.000000000000	0.000000000000	1.000000000000
7	21	57
0.995566633144	0.022325587235	-0.091370931508	1.526952318504
-0.051797912464	0.940984099981	-0.334463600182	-0.677985009918
0.078511497467	0.337713623854	0.937968791074	0.463586074262
0.000000000000	0.000000000000	0.000000000000	1.000000000000
7	22	57
0.114397888120	0.565639740736	-0.816679133377	0.585401573559
-0.579551262802	0.705687835607	0.407584362386	-1.854197889655
0.806866443086	0.426680632765	0.408546424100	2.434261520217
0.000000000000	0.000000000000	0.000000000000	1.000000000000
7	29	57
0.683832834000	-0.264386237016	0.680053360274	-1.163344202316
0.496397944193	0.851673994699	-0.168049063533	0.567065546178
-0.534753902411	0.452494557349	0.713643425967	-0.495175380204
0.000000000000	0.000000000000	0.000000000000	1.000000000000
7	30	57
0.401356380232	-0.583395287024	0.706089934162	-0.962465440943
0.593004946991	0.753033871605	0.285105456033	-0.900544094347
-0.698038816178	0.304285930161	0.648191240156	1.457118298377
0.000000000000	0.000000000000	0.000000000000	1.000000000000
7	31	57
0.631003464667	0.077156905623	0.771933571943	-1.162723709879
0.451466413520	0.772669314783	-0.446273691198	-0.872332945783
-0.630882481166	0.630102326537	0.452723263210	1.306861051734
0.000000000000	0.000000000000	0.000000000000	1.000000000000
7	32	57
-0.880993909601	-0.044861818763	0.470995911302	-0.845712749767
0.456725689245	0.179205772615	0.871370722394	-1.137124392851
-0.123496461606	0.982788231655	-0.137389649144	1.741122851395
0.000000000000	0.000000000000	0.000000000000	1.000000000000
7	36	57
-0.761073692535	-0.245966512726	0.600222716288	-1.470142663252
0.530521751799	0.296407684902	0.794159401631	-1.890636662753
-0.373247244328	0.922845035176	-0.095097506029	2.915428750674
0.000000000000	0.000000000000	0.000000000000	1.000000000000
7	37	57
-0.973367839875	0.043418568190	0.225099702875	-1.205267290241
0.226541674125	0.332627874642	0.915443917941	-2.133076335140
-0.035127171575	0.942058132467	-0.333605390948	3.070205239352
0.000000000000	0.000000000000	0.000000000000	1.000000000000
8	10	57
0.947468831679	0.110599016059	-0.300117761292	1.495411317905
-0.038286039792	0.970783453411	0.236883232291	-0.117326187551
0.317548409150	-0.212949158792	0.924021462747	-0.054203695042
0.000000000000	0.000000000000	0.000000000000	1.000000000000
8	19	57
0.986955187444	-0.029499598712	-0.158269490595	0.334566425844
0.032959131848	0.999270763669	0.019277876024	-0.045762307480
0.157585385125	-0.024242824753	0.987207745028	0.305113453737
0.000000000000	0.000000000000	0.000000000000	1.000000000000
8	20	57
0.860350277471	0.265413350664	-0.435147277763	0.440195997808
0.042950166215	0.812939358483	0.580762328885	-0.199057728290
0.507890424479	-0.518348678709	0.688013055111	2.222441610286
0.000000000000	0.000000000000	0.000000000000	1.000000000000
8	21	57
0.696633063730	0.106145263939	-0.709531928430	0.664793625698
-0.000136510784	0.989014050222	0.147821479587	-0.118432147237
0.717427596265	-0.102880471450	0.688994377851	2.049732039708
0.000000000000	0.000000000000	0.000000000000	1.000000000000
8	26	57
0.354877145079	-0.415962118464	0.837279957902	-0.991017605895
0.152516739381	0.909330436476	0.387113422020	-0.066165719710
-0.922388668680	-0.009678496900	0.386141775244	1.111431984259
0.000000000000	0.000000000000	0.000000000000	1.000000000000
8	31	57
0.983031550271	-0.107062558942	0.148951601682	-1.687062449549
0.128960206315	0.980828092518	-0.146101054463	-0.027950536216
-0.130453962600	0.162830775349	0.977991770027	0.879254635207
0.000000000000	0.000000000000	0.000000000000	1.000000000000
9	14	57
0.995428508178	-0.002482969185	0.095477326994	0.901697960329
0.011320479079	0.995682487283	-0.092131597576	0.080074503766
-0.094836342503	0.092791267814	0.991158841336	-0.302968224652
0.000000000000	0.000000000000	0.000000000000	1.000000000000
9	19	57
0.321159736336	0.317972416488	-0.892048185980	1.314028346510
-0.357775220761	0.912879698911	0.196589793034	-0.390708973975
0.876842810979	0.256016010571	0.406942854914	0.057808098317
0.000000000000	0.000000000000	0.000000000000	1.000000000000
9	20	57
0.679217725581	0.471960674489	-0.562064411782	-0.431547812424
-0.274542837935	0.873606620381	0.401793109654	-0.718761535420
0.680653738251	-0.118594243380	0.722942524716	1.815431412476
0.000000000000	0.000000000000	0.000000000000	1.000000000000
9	21	57
0.467752040871	0.404437826518	-0.785899530947	1.689841142567
-0.447810998940	0.875037015881	0.183781201616	-0.548039655468
0.762019250078	0.265970421890	0.590412057118	0.520756475958
0.000000000000	0.000000000000	0.000000000000	1.000000000000
9	24	57
0.104326934034	-0.316430985312	0.942861242373	-0.572862838014
0.457323421944	0.857123428867	0.237054245750	-0.509900218529
-0.883159769564	0.406461387122	0.234132360435	1.350062256218
0.000000000000	0.000000000000	0.000000000000	1.000000000000
9	25	57
0.240387289195	-0.370086966575	0.897357001625	-0.807182729922
0.478728267170	0.849413801531	0.222070799480	-0.207506524053
-0.844412930625	0.376207164924	0.381359373365	0.693871467070
0.000000000000	0.000000000000	0.000000000000	1.000000000000
9	29	57
-0.019902166305	-0.278987632622	0.960088435833	-2.478497678547
0.541220805184	0.804407018556	0.244968137794	0.132150723783
-0.840644957049	0.524495232907	0.134984468904	0.476452943055
0.000000000000	0.000000000000	0.000000000000	1.000000000000
9	31	57
0.990242945949	0.046203873734	-0.131469045978	-1.961111282617
-0.097613585129	0.903286875969	-0.417785121445	0.199603717504
0.099450972829	0.426541934345	0.898983582858	0.104800691301
0.000000000000	0.000000000000	0.000000000000	1.000000000000
10	13	57
0.554224254010	0.325962799111	-0.765887543875	-0.034375814307
-0.126162425533	0.942397589306	0.309789970875	0.025744221164
0.822750581070	-0.075066885287	0.563423858283	0.060075849379
0.000000000000	0.000000000000	0.000000000000	1.000000000000
10	14	57
0.785303907845	-0.223965759229	0.577180310663	-0.356074755164
0.219605589077	0.972422104133	0.078540668693	0.147836679654
-0.578853312653	0.065073728077	0.812831010939	-0.144924065554
0.000000000000	0.000000000000	0.000000000000	1.000000000000
10	19	57
0.716347958746	0.177464526453	-0.674797705872	0.419123043310
-0.262240260136	0.964686831027	-0.024685299402	0.069950249645
0.646587695493	0.194642389765	0.737589785818	-0.080305851322
0.000000000000	0.000000000000	0.000000000000	1.000000000000
10	20	57
0.983920377591	0.163174501564	-0.072627629734	0.623767178530
-0.128715696397	0.929716871735	0.345048993496	-0.017289127168
0.123826330247	-0.330152420029	0.935770495093	0.284556200535
0.000000000000	0.000000000000	0.000000000000	1.000000000000
10	21	57
0.983540248465	-0.111650750157	0.142065793346	0.669629679598
0.114774590422	0.993293444098	-0.013961636894	-0.046112133282
-0.139554193929	0.030037375064	0.989758749927	0.009550526952
0.000000000000	0.000000000000	0.000000000000	1.000000000000
10	23	57
-0.972946311621	0.003094851031	0.231010598460	-0.354960498334
0.160200774280	0.729510576289	0.664943629943	-0.618423710106
-0.166466773333	0.683962528929	-0.710270422020	2.375935298171
0.000000000000	0.000000000000	0.000000000000	1.000000000000
10	24	57
-0.445691256430	-0.323173533092	0.834816250112	-0.655794582043
0.328207981662	0.808629689579	0.488259711532	-0.523633454858
-0.832849821225	0.491606440805	-0.254331049312	2.010797712791
0.000000000000	0.000000000000	0.000000000000	1.000000000000
10	25	57
-0.375688812018	-0.371413222425	0.849064270083	-1.236979874148
0.368982525415	0.780481999156	0.504677862534	-0.436491117088
-0.850123410137	0.502891705242	-0.156173366281	1.646613976438
0.000000000000	0.000000000000	0.000000000000	1.000000000000
10	29	57
-0.535422831599	-0.237688386715	0.810448408120	-2.837443096429
0.388673188523	0.782591709489	0.486295557005	-0.489844527519
-0.749837011574	0.575373311043	-0.326634365941	2.037952930601
0.000000000000	0.000000000000	0.000000000000	1.000000000000
11	17	57
-0.259423995349	0.556146928556	-0.789556701254	0.921421973845
-0.161718377142	0.780987161261	0.603246401100	-0.527273491475
0.952127279901	0.284182419942	-0.112667630952	1.736875321856
0.000000000000	0.000000000000	0.000000000000	1.000000000000
11	18	57
0.930537359642	0.186861798580	-0.314933152496	1.064368651658
-0.070191706154	0.935078434911	0.347421134867	-0.430963614598
0.359406937464	-0.301182650225	0.883241566338	1.479468489114
0.000000000000	0.000000000000	0.000000000000	1.000000000000
11	27	57
-0.870098449013	0.406950708095	-0.278064399388	0.629183791403
0.038596745671	0.618690044737	0.784686510504	-0.807272624988
0.491364406779	0.672022134847	-0.554028221326	3.098606509826
0.000000000000	0.000000000000	0.000000000000	1.000000000000
11	28	57
-0.715488622277	0.248042965814	-0.653108504387	0.736077091833
-0.031224369454	0.922561446935	0.384584731081	-0.858371706685
0.697926264117	0.295558900625	-0.652337233429	3.492338592972
0.000000000000	0.000000000000	0.000000000000	1.000000000000
11	32	57
0.372174319145	0.624134048023	-0.686981052335	0.406415603476
-0.080099616085	0.758987761159	0.646159136680	-0.158516398691
0.924700128513	-0.185456918204	0.332468650881	0.982933547227
0.000000000000	0.000000000000	0.000000000000	1.000000000000
12	15	57
-0.290355079525	0.585600864671	-0.756812760920	0.760784727558
-0.322164919780	0.684893719332	0.653552107856	-0.178074024261
0.901056986132	0.433580696660	-0.010202314753	0.562549168584
0.000000000000	0.000000000000	0.000000000000	1.000000000000
12	23	57
0.560125241210	0.524361274303	-0.641330623135	1.809248152402
-0.513918972570	0.827139957208	0.227435223353	0.525718170932
0.649728407715	0.202199765579	0.732781175391	-0.804096399745
0.000000000000	0.000000000000	0.000000000000	1.000000000000
12	27	57
0.075905968372	0.598059272627	-0.797849227856	3.526684967273
-0.276024884645	0.781491270957	0.559537001882	-0.410237335190
0.958148499463	0.177754043115	0.224399093434	0.796239117660
0.000000000000	0.000000000000	0.000000000000	1.000000000000
12	28	57
0.573752849659	0.149586335422	-0.805252504351	3.620599557904
-0.255700625065	0.966752509807	-0.002602906638	-0.230813222467
0.778090520344	0.207396993798	0.592926326886	0.240591491215
0.000000000000	0.000000000000	0.000000000000	1.000000000000
12	29	57
0.297017843523	0.418537006325	-0.858258221612	2.626806302283
-0.325790081188	0.889305380678	0.320931087458	0.103897900984
0.897575191072	0.184289756183	0.400494771673	-0.451868073111
0.000000000000	0.000000000000	0.000000000000	1.000000000000
13	25	57
0.646397488142	-0.516023132407	0.562041292206	0.081358933389
-0.517709433096	-0.837732093186	-0.173729338141	0.984530277603
0.560488385435	-0.178675870973	-0.808657964114	2.043782430663
0.000000000000	0.000000000000	0.000000000000	1.000000000000
13	26	57
0.664228561987	-0.306843336267	0.681650632237	-0.368641814956
0.433199817563	0.901147253856	-0.016478620426	-0.828026251387
-0.609211240461	0.306236499875	0.731492221859	1.753431410765
0.000000000000	0.000000000000	0.000000000000	1.000000000000
14	15	57
0.221566799608	-0.467286289744	0.855892327766	-0.467149973529
0.467369181610	0.821217131463	0.327365958942	-0.070668328898
-0.855847066591	0.327484268951	0.400349662417	0.360277024760
0.000000000000	0.000000000000	0.000000000000	1.000000000000
14	29	57
0.072113812296	-0.320654467811	0.944447092403	-3.477196946398
0.433588566879	0.862835220644	0.259839059204	0.093386611322
-0.898220770606	0.390763476145	0.201254448305	0.428723540560
0.000000000000	0.000000000000	0.000000000000	1.000000000000
15	24	57
0.998027592929	0.062768652141	-0.001009981026	-1.288138282570
-0.062500571858	0.992000331040	-0.109676896992	0.619011949545
-0.005882369483	0.109523693896	0.993966779226	-0.710260437590
0.000000000000	0.000000000000	0.000000000000	1.000000000000
15	25	57
0.982891807853	0.066894511633	-0.171606580204	-0.510608259711
-0.080830340851	0.993861031646	-0.075542741370	0.734398735223
0.165499698048	0.088121360005	0.982264972325	-1.008016858539
0.000000000000	0.000000000000	0.000000000000	1.000000000000
17	18	57
0.083158658346	-0.503742877909	0.859841700837	-0.297045664702
0.582928063453	0.724401841050	0.368017452742	0.048944571570
-0.808257081863	0.470622019927	0.353886145503	-0.024588273808
0.000000000000	0.000000000000	0.000000000000	1.000000000000
17	22	57
0.402459644587	-0.490516864732	0.772929129929	-0.539908323044
0.513426801976	0.819978716587	0.253037197576	0.301505324790
-0.757904448787	0.295005270730	0.581852848021	-0.426307160407
0.000000000000	0.000000000000	0.000000000000	1.000000000000
17	27	57
0.664280102243	0.407311534501	-0.626760927010	1.544992323152
-0.286413940196	0.913195902398	0.289897048457	0.025192526752
0.690433921984	-0.013059774323	0.723277568897	-0.072892985565
0.000000000000	0.000000000000	0.000000000000	1.000000000000
17	29	57
0.406771288111	0.391077097873	-0.825588167725	1.780426358629
-0.355215692976	0.900326483863	0.251463782518	-0.106173695536
0.841640618454	0.190973626383	0.505143685890	-0.126067226193
0.000000000000	0.000000000000	0.000000000000	1.000000000000
17	32	57
0.607120518086	0.515226014107	-0.604935393994	2.002406865425
-0.242295175328	0.845078765771	0.476586747251	0.172639649753
0.756767946290	-0.142772665554	0.637901435520	-0.494788445036
0.000000000000	0.000000000000	0.000000000000	1.000000000000
18	19	57
0.792142558710	0.000290998537	0.610336040228	0.049799673485
0.295387478239	0.874898882744	-0.383794453676	0.121587607988
-0.534094003318	0.484305544355	0.692958682265	-0.311304010539
0.000000000000	0.000000000000	0.000000000000	1.000000000000
18	27	57
-0.667216452044	0.546276809135	-0.506363361553	0.224772569066
-0.250807300705	0.475344873206	0.843292920301	-0.924490158344
0.701368593562	0.689658538204	-0.180147707861	1.560620895044
0.000000000000	0.000000000000	0.000000000000	1.000000000000
18	28	57
-0.423897329519	0.318748859024	-0.847767785951	0.383164569616
-0.388255863367	0.781708874440	0.488045715259	-1.147126531490
0.818271616633	0.536032089051	-0.207608190879	1.665465930209
0.000000000000	0.000000000000	0.000000000000	1.000000000000
18	32	57
-0.690368758977	0.635268078362	-0.346158121735	0.727190164667
-0.138577583710	0.353498002914	0.925113730970	-1.195349451415
0.710061426865	0.686639374454	-0.156010062265	1.916361488098
0.000000000000	0.000000000000	0.000000000000	1.000000000000
18	33	57
0.502628521926	0.705100809175	-0.500197378888	0.825779539822
-0.350276703242	0.695077075725	0.627832851934	-1.221318180100
0.790361183328	-0.140359209537	0.596345950088	1.976866201146
0.000000000000	0.000000000000	0.000000000000	1.000000000000
18	35	57
0.747688210396	0.444880613867	-0.492994502445	0.747011812330
-0.299490135681	0.888527856643	0.347597333993	-1.221875271814
0.592678663919	-0.112247438164	0.797579158429	1.893125814785
0.000000000000	0.000000000000	0.000000000000	1.000000000000
18	36	57
0.853666861845	0.112239543160	-0.508581531261	0.765430589600
0.012660382905	-0.980686086086	-0.195178162871	0.620039626618
-0.520665539183	0.160178292874	-0.838600209157	4.484079791040
0.000000000000	0.000000000000	0.000000000000	1.000000000000
19	20	57
0.777449548288	-0.394243157364	0.490045439462	0.355975993585
0.110901073579	0.852876310686	0.510198932330	0.005669044813
-0.619090584442	-0.342307364138	0.706790291891	0.231084292256
0.000000000000	0.000000000000	0.000000000000	1.000000000000
19	30	57
-0.102437686145	-0.599966957514	0.793439456007	-1.360517993456
0.295502895609	0.743273893572	0.600184936350	0.019583138715
-0.949833963987	0.295945212879	0.101152715385	2.031625266804
0.000000000000	0.000000000000	0.000000000000	1.000000000000
19	35	57
0.206944398074	0.736489300699	-0.644016712564	-1.057991045288
0.025502272814	0.653981959572	0.756080174741	-0.169425593864
0.978020270847	-0.172890446558	0.116555751904	2.349596811204
0.000000000000	0.000000000000	0.000000000000	1.000000000000
19	36	57
0.083786170534	-0.974555555189	0.207897444617	-1.736009070409
0.709683608844	0.204815072210	0.674091953322	-0.657457587512
-0.699520587950	0.091061825409	0.708786773993	1.791366809636
0.000000000000	0.000000000000	0.000000000000	1.000000000000
19	37	57
0.146472414609	-0.954814720661	-0.258601393980	-0.740789352270
-0.531958125347	-0.296431341492	0.793189140532	-1.619398547945
-0.834006225778	0.021384784099	-0.551340463210	4.051695125034
0.000000000000	0.000000000000	0.000000000000	1.000000000000
22	27	57
-0.388919820760	0.631346656093	-0.670926801417	0.444705322974
-0.368205892755	0.561044262401	0.741386374415	-1.122636682506
0.844491440785	0.535379057741	0.014264325173	1.728324476651
0.000000000000	0.000000000000	0.000000000000	1.000000000000
22	33	57
0.757230066088	0.512296990644	-0.405159746753	1.076962966985
-0.277940685480	0.814093013769	0.509903461733	-1.294562912816
0.591059728257	-0.273503854286	0.758843883367	1.923292747118
0.000000000000	0.000000000000	0.000000000000	1.000000000000
22	35	57
0.925163761759	0.240648359298	-0.293530886101	0.968203104551
-0.173427955525	0.955890062533	0.237058922195	-1.319067647402
0.337631097753	-0.168411862756	0.926089999035	1.871755166596
0.000000000000	0.000000000000	0.000000000000	1.000000000000
23	24	57
0.627087863748	0.388434720229	-0.675188328736	0.447988188572
-0.358449785121	0.913465128570	0.192601169345	-0.101281015198
0.691573974848	0.121243255512	0.712057238083	0.082569980852
0.000000000000	0.000000000000	0.000000000000	1.000000000000
23	25	57
0.514877301371	0.431153527871	-0.740950740561	1.111852169709
-0.342069824492	0.895858830233	0.283593355822	-0.349528395706
0.786059539542	0.107441108048	0.608741988527	0.373572468155
0.000000000000	0.000000000000	0.000000000000	1.000000000000
23	26	57
0.191811499144	0.497317419942	-0.846099126946	1.826393487184
-0.343174898466	0.841671680086	0.416916984548	-0.136146342412
0.919477752781	0.210390510157	0.332109161838	-0.101397269179
0.000000000000	0.000000000000	0.000000000000	1.000000000000
23	29	57
0.700131058922	0.283974359227	-0.655114542377	2.551196993608
-0.285614103002	0.952290493799	0.107551846035	-0.025944215536
0.654401317617	0.111809564532	0.747835233712	-0.420597670003
0.000000000000	0.000000000000	0.000000000000	1.000000000000
25	27	57
0.717342810218	-0.396959298708	0.572575416690	-0.784023231195
0.388353546599	0.910121300149	0.144432482011	0.732010968544
-0.578446899441	0.118754091234	0.807029522597	-0.983442045017
0.000000000000	0.000000000000	0.000000000000	1.000000000000
25	29	57
0.970626759689	-0.107237500819	0.215369013076	0.003629410731
0.133001722247	0.985114835243	-0.108900428204	0.852756548025
-0.200485000074	0.134346119414	0.970441592752	-1.497585012746
0.000000000000	0.000000000000	0.000000000000	1.000000000000
25	32	57
0.676746898766	-0.716307711759	0.170049690049	-2.435194019751
0.479192082713	0.603926512833	0.636904792698	-0.407966813872
-0.558917330985	-0.349536878129	0.751954378904	-1.618516905943
0.000000000000	0.000000000000	0.000000000000	1.000000000000
26	27	57
0.561414123316	-0.431629879285	0.706052285210	-0.330323648142
0.419368052225	0.883922661385	0.206908592046	0.247891797325
-0.713403545628	0.179934365807	0.677258447778	-0.336865140309
0.000000000000	0.000000000000	0.000000000000	1.000000000000
26	32	57
0.624536501524	-0.546128020637	0.558299510424	-0.883299903798
0.465294848791	0.834325254738	0.295638415966	0.486901112595
-0.627259804191	0.075136904260	0.775177130510	-0.657616137281
0.000000000000	0.000000000000	0.000000000000	1.000000000000
28	33	57
0.603567351060	-0.649310111938	0.462712471487	0.081650243170
0.314811676698	0.727263609242	0.609902656894	0.297683745185
-0.732529904474	-0.222450042048	0.643362975188	-0.474172035457
0.000000000000	0.000000000000	0.000000000000	1.000000000000
32	33	57
0.292076244095	-0.667293181005	0.685135956012	-0.015302748248
0.738487061300	0.612561717447	0.281788932731	0.121470939925
-0.607723891194	0.423660185647	0.671702105974	-0.084814650231
0.000000000000	0.000000000000	0.000000000000	1.000000000000
35	36	57
-0.227007438619	0.790346496850	-0.569051876131	1.405183809829
-0.568576364766	0.366835923058	0.736309936768	-0.152650763757
0.790688649369	0.490697279870	0.366097854798	-0.078081705967
0.000000000000	0.000000000000	0.000000000000	1.000000000000
35	37	57
0.918697469408	0.289318355644	-0.268867716156	0.994022519440
-0.313959431284	0.947972998526	-0.052694113265	1.089500086447
0.239633960890	0.132823503765	0.961734621211	-1.426164498132
0.000000000000	0.000000000000	0.000000000000	1.000000000000
36	38	57
0.958128532380	0.226009967094	-0.175810153895	0.279891092452
-0.230976750640	0.972926006577	-0.008045271233	-0.625098779575
0.169231959458	0.048316461995	0.984391214608	0.595974870988
0.000000000000	0.000000000000	0.000000000000	1.000000000000
36	39	57
0.552695828400	0.620621238711	-0.556198345315	0.686490957355
-0.544956118197	0.774080176778	0.322215314905	-1.068641682833
0.630515781333	0.125016630816	0.766042225670	0.992190795005
0.000000000000	0.000000000000	0.000000000000	1.000000000000
36	42	57
-0.036667545015	-0.649330813818	0.759621606702	0.279390737607
0.810832353811	0.424982800348	0.402418331370	-0.943504816478
-0.584128740225	0.630681467648	0.510915356208	1.069675071096
0.000000000000	0.000000000000	0.000000000000	1.000000000000
36	53	57
0.510298524917	-0.466433867083	0.722519801186	0.270280574883
-0.361425785373	0.646030445765	0.672321399936	-1.033606583118
-0.780363259729	-0.604221905249	0.161087156790	1.183212213922
0.000000000000	0.000000000000	0.000000000000	1.000000000000
36	55	57
0.434850181173	-0.592135498149	0.678440028127	-0.012394881461
0.650083997074	0.727766095954	0.218511570238	0.197393795385
-0.623134108104	0.346023209353	0.701407030123	-0.150729124698
0.000000000000	0.000000000000	0.000000000000	1.000000000000
36	56	57
-0.010144959498	0.246852808297	-0.968999881751	2.487056526470
-0.602688008230	0.771747159176	0.202912510801	-1.125346546549
0.797912429113	0.586063147911	0.140945883686	0.590837094758
0.000000000000	0.000000000000	0.000000000000	1.000000000000
37	38	57
0.793719933222	0.397605272504	-0.460346298870	0.131258019454
-0.351447785690	0.917452839464	0.186453053856	-0.665213687290
0.496480736322	0.013796181933	0.867938099074	1.035244758883
0.000000000000	0.000000000000	0.000000000000	1.000000000000
37	39	57
0.220253396440	0.695968690957	-0.683458866768	0.291747821150
-0.466859224599	0.690415791878	0.552601573227	-1.108956741124
0.856464188255	0.197366703203	0.476985826522	1.600304267254
0.000000000000	0.000000000000	0.000000000000	1.000000000000
37	41	57
0.914259305185	0.207155389714	-0.348161697198	-0.054364654069
-0.081925294845	0.936164632826	0.341883059410	-0.964577894914
0.396759585830	-0.284046518654	0.872868493126	1.637030891049
0.000000000000	0.000000000000	0.000000000000	1.000000000000
37	42	57
0.258496294206	-0.781567644675	0.567742620100	0.017665932089
0.695583761006	0.558419341461	0.452029944259	-0.983860881874
-0.670330438893	0.278064481512	0.687995092145	1.510106500568
0.000000000000	0.000000000000	0.000000000000	1.000000000000
37	55	57
0.906844190057	-0.313688908486	0.281483363011	0.657433147178
0.257562525427	0.941114076202	0.219011052393	-0.036777875986
-0.333609293118	-0.126109334578	0.934238339653	0.018571630644
0.000000000000	0.000000000000	0.000000000000	1.000000000000
37	56	57
-0.355073461357	0.256200138358	-0.899046342602	2.011222611287
-0.396644959535	0.829567182325	0.393053515549	-1.603670599835
0.846519706277	0.496165072445	-0.192936797344	1.787589072280
0.000000000000	0.000000000000	0.000000000000	1.000000000000
38	55	57
0.995167695893	-0.000370611835	-0.098189203566	1.099828776137
0.006187100652	0.998242371108	0.058939700623	-0.218312354390
0.097994779634	-0.059262392551	0.993420853412	0.369733248389
0.000000000000	0.000000000000	0.000000000000	1.000000000000
40	41	57
0.512862391100	-0.675412991886	0.529895705009	-0.039142734712
0.092720011171	0.657225089697	0.747969371700	0.144511436494
-0.853448983434	-0.334473424752	0.399690331145	0.700904141349
0.000000000000	0.000000000000	0.000000000000	1.000000000000
41	42	57
0.998189402708	0.060115550932	0.002009193186	0.249054247465
-0.059959003600	0.991825408588	0.112637812333	-0.078976844779
0.004778515292	-0.112554339836	0.993634080724	-0.085864919968
0.000000000000	0.000000000000	0.000000000000	1.000000000000
41	53	57
0.870046979709	0.404416252741	-0.281896696713	1.231196316735
-0.399934501536	0.913386600983	0.076008628622	-0.401422369560
0.288219790403	0.046609137120	0.956429265946	-0.149459575324
0.000000000000	0.000000000000	0.000000000000	1.000000000000
41	55	57
-0.989336185514	-0.084966385136	-0.118298881777	-0.004055668005
0.109762398377	0.098956784912	-0.989019600727	1.876588602450
0.095739897302	-0.991457648171	-0.088575413902	2.213726593704
0.000000000000	0.000000000000	0.000000000000	1.000000000000
42	53	57
0.221100962115	-0.606527531524	0.763700673075	-0.753201700448
0.853076204267	0.499777529691	0.149944691567	-0.008302519958
-0.472626019455	0.618341955814	0.627915497034	0.134760752953
0.000000000000	0.000000000000	0.000000000000	1.000000000000
42	55	57
-0.470414460626	0.795556829582	-0.381837093717	0.245562162774
-0.546737266549	0.076889314428	0.833766390959	-1.606686615271
0.692667738963	0.600980335978	0.398790721016	1.153517243300
0.000000000000	0.000000000000	0.000000000000	1.000000000000
43	45	57
0.872393437087	-0.271354680221	0.406566511718	-0.074939405059
0.391974734801	0.885297250929	-0.250209082120	-0.444471818405
-0.292036809677	0.377644561751	0.878691690398	0.282995178900
0.000000000000	0.000000000000	0.000000000000	1.000000000000
43	48	57
0.972841563796	0.078115374301	-0.217892817801	0.008212204342
-0.220207733572	0.602407131135	-0.767211967081	-0.681209489709
0.071329137290	0.794357373388	0.603248305027	0.271674225113
0.000000000000	0.000000000000	0.000000000000	1.000000000000
43	49	57
0.220066227024	0.728607988102	-0.648614874481	-0.388280499644
-0.669223989275	0.596532724596	0.443043971480	-1.059084352469
0.709725374988	0.336569618594	0.618878650413	0.806554514818
0.000000000000	0.000000000000	0.000000000000	1.000000000000
43	53	57
0.966006108456	-0.173155182015	0.191962187335	0.572228079469
0.208618083356	0.960671826577	-0.183270665735	0.140017317436
-0.152678399657	0.217087366199	0.964138154890	-0.252229098231
0.000000000000	0.000000000000	0.000000000000	1.000000000000
43	55	57
-0.934805064536	0.354663038965	-0.018804789558	-0.745463659013
-0.058686530473	-0.102030350822	0.993048688964	-1.054495484036
0.350279006592	0.929410531629	0.116192431929	0.973546691638
0.000000000000	0.000000000000	0.000000000000	1.000000000000
44	45	57
0.637557007351	-0.538273126553	0.551165223512	0.091071800827
0.108615530189	0.771081088444	0.627404671361	0.077096006286
-0.762708154525	-0.340141141697	0.550072972200	0.259909181052
0.000000000000	0.000000000000	0.000000000000	1.000000000000
44	47	57
-0.145808667678	-0.574518060411	0.805399795562	0.086838654048
0.102201523094	0.800997170654	0.589879971927	0.112012751558
-0.984019654838	0.168322698602	-0.058075709448	0.352053080199
0.000000000000	0.000000000000	0.000000000000	1.000000000000
44	52	57
-0.399601464369	0.016802268050	0.916534971216	-1.097574761238
-0.120722863782	-0.992088407380	-0.034446801040	0.382645728038
0.908704935518	-0.124411718620	0.398468398290	1.323994516554
0.000000000000	0.000000000000	0.000000000000	1.000000000000
45	46	57
0.364780212205	-0.436412818576	0.822483585591	-0.185129265895
0.568802457718	0.803807516785	0.174233292036	-0.043429392261
-0.737156130598	0.404273827674	0.541445760330	0.048328439103
0.000000000000	0.000000000000	0.000000000000	1.000000000000
47	48	57
0.037960898585	0.157818852449	-0.986738151685	-0.151619123133
-0.549753484330	0.827883960023	0.111262101378	-0.218731422051
0.834463945683	0.538239127664	0.118188683073	-0.025635274017
0.000000000000	0.000000000000	0.000000000000	1.000000000000
47	56	57
0.356545296163	0.111450146831	0.927606768278	-1.246731412317
0.582544287742	0.749702196223	-0.313988486727	0.371393999517
-0.730422894358	0.652323142124	0.202378145182	-0.101124776314
0.000000000000	0.000000000000	0.000000000000	1.000000000000
48	49	57
0.416513906929	0.534793741176	-0.735195089574	-0.212263807078
0.213959659059	0.728303090554	0.650996061881	0.217511647514
0.883593475321	-0.428451003836	0.188924079146	0.687457269877
0.000000000000	0.000000000000	0.000000000000	1.000000000000
49	54	57
0.112898074838	0.532707000945	-0.838735521986	0.120007167486
-0.619128590897	0.697939332459	0.359945101564	-0.427185781442
0.777131785884	0.478648032849	0.408610141845	0.357672910681
0.000000000000	0.000000000000	0.000000000000	1.000000000000
50	55	57
0.945516787884	0.247967386842	-0.210974356006	-0.048704681986
-0.178500302281	0.936758300127	0.301034099777	0.042385905322
0.272278618175	-0.246973808744	0.929982952467	0.154572018302
0.000000000000	0.000000000000	0.000000000000	1.000000000000
51	55	57
0.778973244169	0.497146776227	-0.382159348644	-0.022272513703
-0.136733028341	0.729452074384	0.670226640874	0.075677199078
0.611967943466	-0.469834815721	0.636200033092	0.256434833017
0.000000000000	0.000000000000	0.000000000000	1.000000000000
52	53	57
-0.788073247688	0.534848538964	0.304758259359	-0.925585633770
-0.605842742902	-0.586171663906	-0.537919465446	1.542724017336
-0.109064784197	-0.608555519901	0.785980312760	0.297624791293
0.000000000000	0.000000000000	0.000000000000	1.000000000000
52	54	57
-0.255980519525	-0.270643845944	0.928022565607	-1.990406128485
0.300172864968	0.890298274777	0.342440116030	-0.361346336462
-0.918896199122	0.366225191080	-0.146659076286	2.155449385039
0.000000000000	0.000000000000	0.000000000000	1.000000000000
54	55	57
0.998814691009	-0.025917834425	0.041200471879	-0.190107533617
0.005541027176	0.901489021956	0.432766496289	0.081785509655
-0.048358143494	-0.432025241336	0.900564090338	0.128446256624
0.000000000000	0.000000000000	0.000000000000	1.000000000000
