0	7	60
0.967698571916	-0.163064891466	0.192274062428	0.711013411843
0.175778433822	0.983112254168	-0.050914024674	0.173707689790
-0.180724697024	0.083067062526	0.980019615625	0.094894851139
0.000000000000	0.000000000000	0.000000000000	1.000000000000
0	8	60
0.988584875368	0.047817691404	-0.142875514288	1.046820710064
-0.062791490487	0.992779842843	-0.102202800195	0.235739727500
0.136956828661	0.110007508989	0.984449681319	0.334975031291
0.000000000000	0.000000000000	0.000000000000	1.000000000000
0	9	60
0.962095649125	0.018218435141	0.272103014602	1.184446854403
-0.010266766160	0.999478421710	-0.030618263309	-0.104733785442
-0.272518908422	0.026664079891	0.961780885335	0.012280278506
0.000000000000	0.000000000000	0.000000000000	1.000000000000
0	16	60
0.511876491134	-0.573926091191	0.639211467103	-0.284983696969
0.487836061673	0.806667113980	0.333622757250	-0.681919693865
-0.707105674391	0.141056758344	0.692895775835	1.138947982641
0.000000000000	0.000000000000	0.000000000000	1.000000000000
0	17	60
0.280419694185	-0.475976880593	0.833553120235	-0.151425922549
0.453843781413	0.830943021707	0.321806644975	-0.633033153987
-0.845807671510	0.288061979125	0.449031935386	0.948093786691
0.000000000000	0.000000000000	0.000000000000	1.000000000000
0	18	60
0.585337079759	-0.399895182651	0.705311524046	-0.069398818025
0.419875977790	0.893679969859	0.158241191691	-0.483501978378
-0.693602671805	0.203518928763	0.691010404625	0.669664117394
0.000000000000	0.000000000000	0.000000000000	1.000000000000
0	20	60
0.787728415683	-0.356334046504	0.502503721805	-0.066644001445
0.310518875670	0.934191933308	0.175679992018	-0.272050205999
-0.532035685813	0.017648768935	0.846537979052	-0.379257431100
0.000000000000	0.000000000000	0.000000000000	1.000000000000
0	25	60
0.974077246273	-0.034603074564	-0.223553451157	2.126477243904
0.054644756672	0.994958330715	0.084094415449	-0.186895961177
0.219516443260	-0.094130480569	0.971057147529	0.095719502564
0.000000000000	0.000000000000	0.000000000000	1.000000000000
0	30	60
-0.362533923198	0.210200374687	-0.907956473082	0.326259533708
-0.310270383821	0.891436523141	0.330262341381	-1.239703173235
0.878806829431	0.401443305702	-0.257957029083	2.622617992066
0.000000000000	0.000000000000	0.000000000000	1.000000000000
0	31	60
-0.285535638362	0.533103394371	-0.796410804884	-0.053048539872
-0.481759635266	0.638536215692	0.600149277328	-1.279169930122
0.828478758359	0.555042585898	0.074502850866	1.879176076417
0.000000000000	0.000000000000	0.000000000000	1.000000000000
0	32	60
-0.709050157093	0.511727477727	-0.485162718338	0.000630553238
-0.351399696770	0.340090082824	0.872271166940	-1.318518575814
0.611364153215	0.788970040055	-0.061320046149	1.910496597797
0.000000000000	0.000000000000	0.000000000000	1.000000000000
0	33	60
-0.908344825959	0.313929561969	-0.276329345664	0.079186079830
-0.244230497067	0.138187393487	0.959820664803	-1.261802697443
0.339501312892	0.939336188169	-0.048850630923	1.740123275013
0.000000000000	0.000000000000	0.000000000000	1.000000000000
0	34	60
0.658582911748	-0.675001306756	0.332628598037	-0.077837478786
0.532584512253	0.730378209310	0.427669742526	-0.391026895753
-0.531622314864	-0.104503144652	0.840509849494	0.125016355798
0.000000000000	0.000000000000	0.000000000000	1.000000000000
0	36	60
0.203365557600	-0.641711608904	0.739492164245	0.127811530611
0.582762090732	0.686254879008	0.435250027734	-1.194156403422
-0.786785101275	0.342433135130	0.513525804977	1.518028363892
0.000000000000	0.000000000000	0.000000000000	1.000000000000
0	37	60
0.367393312045	-0.683189732595	0.631089489329	-0.235072298790
0.511873332195	0.715060816864	0.476102635966	-1.107907894374
-0.776535798307	0.148120955515	0.612415166766	1.167067905739
0.000000000000	0.000000000000	0.000000000000	1.000000000000
0	38	60
0.622604819695	-0.622969791351	0.473573518639	-0.419445842011
0.423382551731	0.777118695452	0.465654107755	-0.883412439920
-0.658111277355	-0.089415727045	0.747592385177	0.731304869999
0.000000000000	0.000000000000	0.000000000000	1.000000000000
0	41	60
0.962741144053	-0.114971362262	-0.244767390408	-0.497049210016
0.005744553375	0.913612969410	-0.406544391466	-0.169531152780
0.270363624872	0.389990933210	0.880233254518	0.022553951675
0.000000000000	0.000000000000	0.000000000000	1.000000000000
0	42	60
0.982030937645	-0.099770137817	-0.160191001957	-0.507734882355
0.030820365267	0.922219594019	-0.385436279419	-0.399414150205
0.186186311508	0.373573205688	0.908723124719	0.481675419345
0.000000000000	0.000000000000	0.000000000000	1.000000000000
0	43	60
0.961210489019	-0.122598563176	-0.247070815975	-0.518386994338
0.019784450636	0.924121316081	-0.381586646357	-0.600684284014
0.275105382195	0.361896926586	0.890700647364	0.867375859515
0.000000000000	0.000000000000	0.000000000000	1.000000000000
0	44	60
0.992964866718	-0.118407328705	0.000691355490	-0.585636987148
0.114039540479	0.954732419835	-0.274738038363	-0.855626621007
0.031870937717	0.272884061508	0.961518867368	1.180905648087
0.000000000000	0.000000000000	0.000000000000	1.000000000000
0	45	60
0.975363115795	-0.099604030135	0.196839603557	-0.545291493165
0.150900773091	0.952102223071	-0.265951712728	-0.915812835998
-0.160921561726	0.289102739529	0.943675716000	1.457047985911
0.000000000000	0.000000000000	0.000000000000	1.000000000000
0	46	60
0.891623060682	-0.171919512993	0.418869906669	-0.440148105242
0.276259523387	0.939519664515	-0.202443759421	-0.968786512727
-0.358732481661	0.296220325168	0.885191801566	1.611568349906
0.000000000000	0.000000000000	0.000000000000	1.000000000000
0	47	60
0.758566473998	-0.205286773882	0.618412681788	-0.308082594157
0.325615462989	0.941502942439	-0.086872202927	-1.078627407736
-0.564403645266	0.267263072361	0.781037115227	1.786375347485
0.000000000000	0.000000000000	0.000000000000	1.000000000000
0	48	60
0.653725194895	-0.231725722239	0.720379455018	-0.161121057040
0.351231076625	0.936123214535	-0.017608464454	-1.055895802301
-0.670283596974	0.264530748422	0.693356605771	1.875984555485
0.000000000000	0.000000000000	0.000000000000	1.000000000000
0	49	60
0.569635332881	-0.295598177639	0.766901105039	0.074942887954
0.424983303814	0.904599243659	0.033006057778	-1.043529214519
-0.703494690110	0.307118748609	0.640915981420	1.880630954158
0.000000000000	0.000000000000	0.000000000000	1.000000000000
0	50	60
0.576620763716	-0.345280920743	0.740465786260	0.082189364938
0.368238950389	0.918867594169	0.141712454646	-1.071528555474
-0.729320622406	0.190954000106	0.656984017748	2.015536457914
0.000000000000	0.000000000000	0.000000000000	1.000000000000
0	51	60
0.780991276558	-0.346239994417	0.519779272582	0.047850101705
0.325961259964	0.935888171560	0.133650990782	-1.051321410964
-0.532730591334	0.065047648690	0.843781322652	2.046371813618
0.000000000000	0.000000000000	0.000000000000	1.000000000000
0	52	60
0.744168354252	-0.340230815994	0.574853418166	0.044263622678
0.311049456421	0.938072421223	0.152539726628	-1.025329391544
-0.591152853490	0.065292605920	0.803912420244	2.009347207847
0.000000000000	0.000000000000	0.000000000000	1.000000000000
0	53	60
0.493600196854	-0.361846666322	0.790838691351	0.040502213411
0.318341575673	0.921399800455	0.222892460438	-1.049643695278
-0.809331506160	0.141737072758	0.569993960795	1.974916869323
0.000000000000	0.000000000000	0.000000000000	1.000000000000
0	59	60
0.974276704575	0.072457123338	-0.213389006744	0.212798599546
-0.063508045791	0.996801758375	0.048507552194	-0.344839555185
0.216221254833	-0.033707859287	0.975762342572	0.966238725399
0.000000000000	0.000000000000	0.000000000000	1.000000000000
1	6	60
0.934259272995	-0.194712987494	0.298741465692	0.491753798608
0.220785762758	0.973723912763	-0.055815666951	0.055671644716
-0.280023673617	0.118104166798	0.952700450299	0.151719374333
0.000000000000	0.000000000000	0.000000000000	1.000000000000
1	7	60
0.925514120789	-0.240907607594	0.292210774654	0.611774963544
0.258850452329	0.965625104682	-0.023761324372	0.212887223954
-0.276441776057	0.097630332430	0.956058712967	-0.075778550313
0.000000000000	0.000000000000	0.000000000000	1.000000000000
1	9	60
0.939528597528	-0.026813586618	0.341419164664	1.217310665952
0.037879235658	0.998949618902	-0.025784150191	-0.019274339982
-0.340369178883	0.037157643463	0.939557412615	-0.159776920255
0.000000000000	0.000000000000	0.000000000000	1.000000000000
1	18	60
0.497567137174	-0.480670168472	0.722068648500	0.050019362074
0.486541881924	0.843802693480	0.226437655018	-0.486568061121
-0.718125296267	0.238648703364	0.653714658887	0.551207312846
0.000000000000	0.000000000000	0.000000000000	1.000000000000
1	19	60
0.761033497678	-0.458174004784	0.459243504856	0.276870343239
0.501955006328	0.864354755693	0.030529132539	-0.108287926509
-0.410936962362	0.207285883869	0.887785658430	0.150608121763
0.000000000000	0.000000000000	0.000000000000	1.000000000000
1	20	60
0.794217428484	-0.374205477287	0.478736813981	0.292787725080
0.340139476187	0.926657104185	0.160036708296	-0.122386288701
-0.503511482522	0.035733346213	0.863249277403	-0.564922354418
0.000000000000	0.000000000000	0.000000000000	1.000000000000
1	25	60
0.775808546897	0.125288666268	-0.618404276073	2.050831283629
-0.106273885861	0.992032144179	0.067661555546	-0.383692995920
0.621954146015	0.013227812362	0.782941929670	0.677098890213
0.000000000000	0.000000000000	0.000000000000	1.000000000000
1	30	60
0.090820941350	0.320967218193	-0.942725623635	0.776609399293
-0.369036767099	0.890089295871	0.267493756758	-1.236135157210
0.924966713531	0.323606381614	0.199287452283	1.844567442028
0.000000000000	0.000000000000	0.000000000000	1.000000000000
1	33	60
-0.932494657211	0.240029384856	-0.269888141048	0.258922718034
-0.245800686348	0.125771057264	0.961126247558	-1.230673244039
0.264642658813	0.962583781060	-0.058281451389	1.610277358566
0.000000000000	0.000000000000	0.000000000000	1.000000000000
1	36	60
0.954072702016	-0.155487822191	-0.256064086544	-0.489836203783
0.173860290242	0.983469286613	0.050603969861	-0.457377636441
0.243962863453	-0.092799242665	0.965334357524	-0.115221682660
0.000000000000	0.000000000000	0.000000000000	1.000000000000
1	37	60
0.320227527153	-0.718299191675	0.617657350068	0.001781328442
0.542181455672	0.673614577213	0.502277483560	-1.085666274065
-0.776848505166	0.174039284661	0.605158431665	1.027259377959
0.000000000000	0.000000000000	0.000000000000	1.000000000000
1	38	60
0.574970287843	-0.659389692396	0.484370108140	-0.246258267387
0.471135550524	0.750843226955	0.462888476382	-0.845482851800
-0.668909905092	-0.037943142949	0.742374472065	0.601868237207
0.000000000000	0.000000000000	0.000000000000	1.000000000000
1	39	60
0.639910265522	-0.540073777580	0.546658180997	-0.215423854003
0.369167678503	0.839966816152	0.397707144657	-0.639985880000
-0.673965931801	-0.052688352924	0.736881171043	0.248216347129
0.000000000000	0.000000000000	0.000000000000	1.000000000000
1	41	60
0.968399177140	-0.137050482699	-0.208375139847	-0.338731966987
0.037802979041	0.906493087115	-0.420524931234	-0.190759381397
0.246523768611	0.399358796329	0.883028076170	-0.106144407961
0.000000000000	0.000000000000	0.000000000000	1.000000000000
1	42	60
0.984749716711	-0.140112206481	-0.103133724031	-0.359170908892
0.087258357936	0.910612441630	-0.403944253727	-0.408955817307
0.150512372940	0.388784710018	0.908951304993	0.347426662751
0.000000000000	0.000000000000	0.000000000000	1.000000000000
1	43	60
0.975051898630	-0.139337956629	-0.172796784752	-0.366221551786
0.072939852759	0.936334755405	-0.343448691510	-0.708742185612
0.209651074068	0.322276526702	0.923138271051	0.746632161654
0.000000000000	0.000000000000	0.000000000000	1.000000000000
1	44	60
0.991904949818	-0.066978384192	0.107881724943	-0.522789660388
0.092547236409	0.963024306103	-0.253020147199	-0.856725131995
-0.086945842677	0.260956091913	0.961427240375	1.137119073325
0.000000000000	0.000000000000	0.000000000000	1.000000000000
1	45	60
0.947869325034	-0.172912341170	0.267665957735	-0.346842496211
0.234217980204	0.947593234910	-0.217276319238	-0.988888444463
-0.216068693725	0.268641738052	0.938693739283	1.332120035827
0.000000000000	0.000000000000	0.000000000000	1.000000000000
1	46	60
0.872448346689	-0.192092742071	0.449370961237	-0.183987186347
0.311719009204	0.926909832501	-0.208972298913	-0.931523344094
-0.376384300496	0.322395007492	0.868559910130	1.471456620904
0.000000000000	0.000000000000	0.000000000000	1.000000000000
1	59	60
0.985666339211	-0.007131312032	-0.168555664794	0.492410070351
0.016586599847	0.998362060095	0.054754741055	-0.441482715316
0.167889107601	-0.056765670534	0.984170161201	1.072340071697
0.000000000000	0.000000000000	0.000000000000	1.000000000000
2	5	60
0.781157444073	-0.256271552860	0.569313568048	0.226731087797
0.339931947771	0.939441585554	-0.043540535338	-0.124454497457
-0.523678640440	0.227539883377	0.820966675949	-0.173870952323
0.000000000000	0.000000000000	0.000000000000	1.000000000000
2	10	60
0.942928010782	-0.129402599032	0.306825249690	0.804937609134
0.166131525521	0.981353925770	-0.096668446789	0.192385595978
-0.288595015050	0.142124733035	0.946843956282	-0.454159492657
0.000000000000	0.000000000000	0.000000000000	1.000000000000
2	15	60
0.667161273926	-0.557047548454	0.494564316682	0.362557872476
0.521894567422	0.823275078158	0.223258160387	-0.479969954053
-0.531527887386	0.109161231419	0.839977339269	0.593811014518
0.000000000000	0.000000000000	0.000000000000	1.000000000000
2	26	60
-0.513177869558	0.435512219054	-0.739579327219	1.460662832900
-0.418121809733	0.625674522890	0.658563241939	-1.552880460452
0.749548281581	0.647194328205	-0.138985161502	1.958753835408
0.000000000000	0.000000000000	0.000000000000	1.000000000000
2	32	60
-0.471897451354	0.671487533023	-0.571329404459	0.887481347507
-0.467372511707	0.358950142739	0.807909481519	-1.113618793408
0.747579915933	0.648274084028	0.144447157367	1.292849589526
0.000000000000	0.000000000000	0.000000000000	1.000000000000
2	44	60
0.937584616241	-0.123123952435	0.325231578610	0.008987904706
0.229820194740	0.921268351655	-0.313763130926	-0.693000355167
-0.260993803524	0.368924269432	0.892063404667	0.822198318448
0.000000000000	0.000000000000	0.000000000000	1.000000000000
2	45	60
0.859380817540	-0.140430333457	0.491674619937	0.133484413046
0.307103958819	0.910561072760	-0.276705061848	-0.766789596714
-0.408841985274	0.388790244501	0.825645430471	1.076181203031
0.000000000000	0.000000000000	0.000000000000	1.000000000000
3	6	60
0.800911821767	-0.227260677948	0.553979095284	0.506989288242
0.234204137247	0.970366352171	0.059477429933	0.553314806131
-0.551079554919	0.082108019302	0.830403273908	-0.569089864055
0.000000000000	0.000000000000	0.000000000000	1.000000000000
3	7	60
0.947100988135	-0.210665150351	0.242115494549	0.478778360169
0.213344384346	0.976855536139	0.015408931888	0.450797553808
-0.239757986188	0.037060166508	0.970125070348	-0.407920668214
0.000000000000	0.000000000000	0.000000000000	1.000000000000
3	15	60
0.671958432222	-0.535204957976	0.511886235724	0.340535930141
0.432530499925	0.844668839461	0.315359982049	-0.049869949266
-0.601156578605	0.009497610319	0.799074817147	0.353157798485
0.000000000000	0.000000000000	0.000000000000	1.000000000000
3	19	60
0.580816687698	-0.414010472918	0.700890364897	0.248856878299
0.437358482328	0.884891112682	0.160266267916	0.314438518697
-0.686563568235	0.213455023389	0.695030517145	-0.452517418620
0.000000000000	0.000000000000	0.000000000000	1.000000000000
3	25	60
0.906359687079	-0.362484002226	0.217065579419	1.165784034721
0.299196286086	0.913399105012	0.276013871671	0.021540217003
-0.298318118844	-0.185222631158	0.936321994229	-0.378841175896
0.000000000000	0.000000000000	0.000000000000	1.000000000000
3	31	60
0.065439131876	0.567029634396	-0.821093851966	0.855098282261
-0.426144324130	0.759927602960	0.490826907648	-0.603943476311
0.902285284725	0.317785197856	0.291365462937	1.199736346413
0.000000000000	0.000000000000	0.000000000000	1.000000000000
3	32	60
-0.380163795955	0.728167156466	-0.570305252027	0.825128681992
-0.387747646600	0.434329821849	0.813024826441	-0.656677162088
0.839718554518	0.530217123542	0.117228627480	1.123515065167
0.000000000000	0.000000000000	0.000000000000	1.000000000000
3	36	60
-0.169020490346	-0.567832108028	0.805604599624	0.811379116332
0.491450541789	0.659952072165	0.568277773118	-0.535227599169
-0.854346790723	0.491965404818	0.167515974294	0.796589342338
0.000000000000	0.000000000000	0.000000000000	1.000000000000
3	37	60
0.061198859006	-0.688373214335	0.722770376705	0.323124087673
0.466840264807	0.659781569364	0.588853502904	-0.521613259218
-0.882221551999	0.301381151556	0.361738212905	0.536167324439
0.000000000000	0.000000000000	0.000000000000	1.000000000000
3	38	60
0.343017794435	-0.722679440176	0.600061013105	-0.045881792357
0.441102102188	0.687929424228	0.576352359869	-0.366649726076
-0.829317628021	0.066989059022	0.554747454095	0.141761048109
0.000000000000	0.000000000000	0.000000000000	1.000000000000
3	39	60
0.434071755073	-0.583433250422	0.686430880534	-0.084690966402
0.305377789741	0.812137532810	0.497169018880	-0.176311552572
-0.847541218455	-0.006186283486	0.530693520703	-0.223476023592
0.000000000000	0.000000000000	0.000000000000	1.000000000000
3	46	60
0.665646811983	-0.208196653857	0.716636919939	0.224494213943
0.334765436799	0.941558777374	-0.037405495255	-0.401048324131
-0.666968083211	0.264804120196	0.696442642222	1.034465002509
0.000000000000	0.000000000000	0.000000000000	1.000000000000
3	59	60
-0.168312119675	-0.617829396823	0.768087147914	0.304229720898
0.334319295075	0.697240844558	0.634102368408	-0.062727572344
-0.927308815504	0.363513467564	0.089198203951	0.681465916978
0.000000000000	0.000000000000	0.000000000000	1.000000000000
4	8	60
0.991939692471	-0.067547079466	0.107205590138	1.279504408306
0.051565326765	0.988026964967	0.145408849708	0.564551896970
-0.115743956978	-0.138708718375	0.983546251007	-0.304125200762
0.000000000000	0.000000000000	0.000000000000	1.000000000000
4	16	60
0.744931774745	-0.480985333093	0.462309160980	-0.145256413073
0.364215644897	0.873795588227	0.322223888015	-0.101233358994
-0.558948669368	-0.071654583556	0.826100481580	0.513912108978
0.000000000000	0.000000000000	0.000000000000	1.000000000000
4	17	60
0.509743160352	-0.434337354784	0.742639194168	-0.093076703199
0.360425290568	0.891615131237	0.274073106430	-0.085955779669
-0.781188530633	0.127959055906	0.611040882117	0.399015059420
0.000000000000	0.000000000000	0.000000000000	1.000000000000
4	20	60
0.912699932140	-0.247860484661	0.324875382286	0.357861054308
0.196889651747	0.963406973375	0.181883118204	0.179165400144
-0.358068846602	-0.102040108762	0.928102643729	-0.884141427028
0.000000000000	0.000000000000	0.000000000000	1.000000000000
4	21	60
0.472098423238	-0.499478852703	0.726391047906	-0.676399827086
0.281484034487	0.866272636309	0.412720798980	-0.208760008036
-0.835397999222	0.009622644344	0.549561268296	-0.211739825354
0.000000000000	0.000000000000	0.000000000000	1.000000000000
4	24	60
0.995031052872	-0.099564793565	0.000236014797	0.922941668580
0.099055158307	0.990171894809	0.098730412449	0.052075589634
-0.010063768353	-0.098216447766	0.995114189405	-0.142704231900
0.000000000000	0.000000000000	0.000000000000	1.000000000000
4	28	60
-0.032468536390	0.374413887358	-0.926693064125	1.363458089226
-0.222784191504	0.901143700128	0.371896807912	-0.521172971604
0.974326946235	0.218527510105	0.054154678163	1.548261068828
0.000000000000	0.000000000000	0.000000000000	1.000000000000
4	29	60
-0.011819970466	0.327270853002	-0.944856643663	0.873228926655
-0.238931105512	0.916626132532	0.320481606304	-0.597660438800
0.970964579744	0.229543725542	0.067360692895	1.662894957652
0.000000000000	0.000000000000	0.000000000000	1.000000000000
4	35	60
-0.349703546755	-0.625611754554	0.697364583235	-0.051196961402
0.577734624983	0.441971501451	0.686209803924	-0.712857137398
-0.737516191336	0.642861668222	0.206878570780	1.332835067272
0.000000000000	0.000000000000	0.000000000000	1.000000000000
4	36	60
0.343080137475	-0.634334633314	0.692759404302	-0.060741158206
0.505806992989	0.746222591063	0.432794559150	-0.653173013587
-0.791489295640	0.201919334304	0.576865042554	1.106570955148
0.000000000000	0.000000000000	0.000000000000	1.000000000000
4	40	60
0.908745162382	-0.053208382676	-0.413945766810	-0.095474568442
-0.086029321592	0.946657627810	-0.310545152169	0.559697860972
0.408388522945	0.317817878229	0.855693058640	-0.803298183003
0.000000000000	0.000000000000	0.000000000000	1.000000000000
4	41	60
0.881149573373	-0.089428913799	-0.464303670803	-0.174620328104
-0.064776632343	0.949862591676	-0.305884038219	0.283962928695
0.468379565360	0.299605617957	0.831178113548	-0.556903490451
0.000000000000	0.000000000000	0.000000000000	1.000000000000
4	43	60
0.892773552015	-0.098076293086	-0.439700381575	-0.470405907883
-0.031448073586	0.960066752251	-0.277997931450	-0.070767289774
0.449406723904	0.262016930669	0.854037894096	0.283699474030
0.000000000000	0.000000000000	0.000000000000	1.000000000000
4	48	60
0.793256596930	-0.230399275469	0.563613471531	-0.329389532446
0.270978995612	0.962509521425	0.012074978355	-0.494475075592
-0.545265399016	0.143148856191	0.825950391735	1.338500107925
0.000000000000	0.000000000000	0.000000000000	1.000000000000
4	49	60
0.730350799056	-0.235935179178	0.641032215684	-0.132144274209
0.273874922500	0.960864539700	0.041615660177	-0.521091665177
-0.625763723097	0.145168617727	0.766384913267	1.419953646792
0.000000000000	0.000000000000	0.000000000000	1.000000000000
4	50	60
0.749781746638	-0.305604251311	0.586884463919	-0.116415500703
0.245043645462	0.952134358209	0.182739639205	-0.540318625357
-0.614638873020	0.006797462641	0.788779341942	1.533165878758
0.000000000000	0.000000000000	0.000000000000	1.000000000000
4	51	60
0.887067320627	-0.250743522018	0.387607088225	-0.162349558235
0.191496883438	0.963850205378	0.185261235090	-0.464225840258
-0.420048226172	-0.090113638034	0.903016622178	1.578040729981
0.000000000000	0.000000000000	0.000000000000	1.000000000000
4	52	60
0.874414819251	-0.216623364146	0.434134820050	-0.160553378658
0.160575042508	0.973576796364	0.162369570135	-0.427626403510
-0.457836629812	-0.072267141138	0.886094284325	1.530521505965
0.000000000000	0.000000000000	0.000000000000	1.000000000000
4	53	60
0.697692991585	-0.306467550773	0.647535427460	-0.127471025100
0.236468727985	0.951736094821	0.195655172435	-0.472025692807
-0.676244800481	0.016614636282	0.736489595095	1.447673542987
0.000000000000	0.000000000000	0.000000000000	1.000000000000
4	54	60
0.347946513941	-0.426195245631	0.835039421846	-0.087686110575
0.326443463130	0.890032624488	0.318239835230	-0.450959671276
-0.878844632922	0.161862719452	0.448812400938	1.321942350692
0.000000000000	0.000000000000	0.000000000000	1.000000000000
4	58	60
-0.104013912514	-0.631776937249	0.768139966128	-0.608743599468
0.323448123668	0.708858821210	0.626817742959	-0.302618329971
-0.940511784774	0.313651196637	0.130615885516	1.183351446177
0.000000000000	0.000000000000	0.000000000000	1.000000000000
4	59	60
0.335421969860	-0.563076615462	0.755272684039	-0.439525127317
0.326649752933	0.821495905911	0.467380375582	-0.082032842431
-0.883624377801	0.089939989387	0.459476612315	0.848109784636
0.000000000000	0.000000000000	0.000000000000	1.000000000000
5	13	60
0.905421645130	0.116310972711	-0.408268786655	-0.268160429538
-0.049062550310	0.983959599842	0.171512017178	-0.105085799384
0.421668721495	-0.135259984868	0.896604832581	0.327830988206
0.000000000000	0.000000000000	0.000000000000	1.000000000000
5	14	60
0.962170655814	0.047211169063	-0.268325799367	-0.547291079681
0.009254257050	0.978639990538	0.205373142465	-0.127442707853
0.272290263903	-0.200087167093	0.941181777208	0.527986631441
0.000000000000	0.000000000000	0.000000000000	1.000000000000
5	21	60
0.866820059806	-0.199134676895	0.457130576942	0.411240952202
0.108759211845	0.970224349563	0.216416601384	-0.067132749765
-0.486615266670	-0.137877090096	0.862667659224	-0.584974325598
0.000000000000	0.000000000000	0.000000000000	1.000000000000
5	24	60
0.998580979900	-0.003668112272	0.053127879065	1.842238108309
-0.005025391906	0.986682590114	0.162579862844	-0.238922436110
-0.053016714513	-0.162616147164	0.985264033985	-0.091309918489
0.000000000000	0.000000000000	0.000000000000	1.000000000000
5	27	60
0.020834977764	0.467945069925	-0.883511921388	1.567336562290
-0.235216454411	0.861193028476	0.450577171280	-0.702399733034
0.971719673196	0.198428776234	0.128011317806	1.459754835378
0.000000000000	0.000000000000	0.000000000000	1.000000000000
5	28	60
-0.086659784024	0.508331994329	-0.856789743972	0.885169173510
-0.199519014234	0.833745584051	0.514840231561	-0.831182433694
0.976054427167	0.215561788397	0.029169686167	1.688162909771
0.000000000000	0.000000000000	0.000000000000	1.000000000000
5	34	60
0.867288371185	0.288875674650	-0.405415497735	1.002769674794
-0.038482232898	0.850873266766	0.523959732855	-0.397545516147
0.496316430273	-0.438822889670	0.749069070609	0.377705259610
0.000000000000	0.000000000000	0.000000000000	1.000000000000
5	35	60
-0.169431458068	-0.597697314949	0.783613999824	-0.473451290903
0.583025939961	0.580267534069	0.568656611883	-0.777489292303
-0.794590293390	0.553215607705	0.250157464493	1.478559307778
0.000000000000	0.000000000000	0.000000000000	1.000000000000
5	40	60
0.847634184105	0.084033237489	-0.523884247648	-0.171321303479
-0.209844161682	0.959968808540	-0.185540600510	0.307049368891
0.487320959681	0.267204606297	0.831336262068	-0.667751732240
0.000000000000	0.000000000000	0.000000000000	1.000000000000
5	41	60
0.789182925828	-0.096236425513	-0.606571397270	-0.164882594369
-0.087314567022	0.960033623331	-0.265916544165	0.206840708089
0.607919794025	0.262819315270	0.749239301928	-0.353723364198
0.000000000000	0.000000000000	0.000000000000	1.000000000000
5	42	60
0.898507845187	0.153019631862	-0.411422707690	0.307610326777
-0.257105459343	0.943130474693	-0.210717086356	0.168550140019
0.355781442622	0.295109979450	0.886752313284	-0.037681261123
0.000000000000	0.000000000000	0.000000000000	1.000000000000
5	43	60
0.877532852570	0.288803906558	-0.382790277067	0.081753338426
-0.341779703252	0.936632115427	-0.076856455782	-0.075333801929
0.336337222300	0.198274012184	0.920632765541	0.355904280912
0.000000000000	0.000000000000	0.000000000000	1.000000000000
5	44	60
0.970348542482	-0.216083944478	-0.108311749324	-0.107704117017
0.213076722026	0.976266807729	-0.038748298759	-0.655595241158
0.114114050990	0.014520642721	0.993361532526	0.696379972282
0.000000000000	0.000000000000	0.000000000000	1.000000000000
5	45	60
0.992518808446	0.088098785495	-0.084528213491	-1.033959652023
-0.099739584058	0.984364690504	-0.145183234091	-0.360858964102
0.070416122114	0.152527899361	0.985787405916	0.991580531088
0.000000000000	0.000000000000	0.000000000000	1.000000000000
5	50	60
0.822729399164	-0.156156815864	0.546563248500	-0.564238432219
0.102196377355	0.986492964275	0.128013795710	-0.595281007789
-0.559171025901	-0.049463929237	0.827575424657	1.686491188802
0.000000000000	0.000000000000	0.000000000000	1.000000000000
5	51	60
0.930532637878	-0.134841077924	0.340480386436	-0.622649272838
0.058389363877	0.972479193919	0.225554648768	-0.586853336797
-0.361524123717	-0.190005529127	0.912796914364	1.752602524057
0.000000000000	0.000000000000	0.000000000000	1.000000000000
5	52	60
0.919465331075	-0.084371674236	0.384011621619	-0.596926920528
0.009703304312	0.981275664709	0.192364018816	-0.545478493671
-0.393051333591	-0.173145864624	0.903067637958	1.675159420193
0.000000000000	0.000000000000	0.000000000000	1.000000000000
5	53	60
0.758685093316	-0.158701978987	0.631831157071	-0.595051934561
0.090274348629	0.986127572306	0.139294483439	-0.535439531138
-0.645172435213	-0.048642502018	0.762487006996	1.615631135840
0.000000000000	0.000000000000	0.000000000000	1.000000000000
5	54	60
0.476394898607	-0.271835090961	0.836154043166	-0.479315909916
0.220619729857	0.957538244541	0.185600229092	-0.508059778635
-0.851102129817	0.096053076802	0.516138519254	1.454610718901
0.000000000000	0.000000000000	0.000000000000	1.000000000000
5	55	60
0.150916704466	-0.425139790298	0.892457453898	-0.520700431070
0.264866747664	0.887178634440	0.377835515239	-0.374309788724
-0.952402096961	0.179360612453	0.246495469341	1.312852462208
0.000000000000	0.000000000000	0.000000000000	1.000000000000
5	57	60
0.992824672985	0.115448053946	-0.031159517859	-0.097606741052
-0.108005702845	0.977591388848	0.180692679994	0.342002435109
0.051321894607	-0.176030745299	0.983045899154	-0.424091346745
0.000000000000	0.000000000000	0.000000000000	1.000000000000
5	58	60
0.197700267080	-0.507228368196	0.838828937802	-0.822227631540
0.280684032557	0.849180852444	0.447334722226	-0.204795046193
-0.939218333650	0.147007694829	0.310254185140	1.015147177085
0.000000000000	0.000000000000	0.000000000000	1.000000000000
5	59	60
0.454960242294	-0.451616429954	0.767498389658	-0.696057490811
0.234816765777	0.892199823265	0.385798602741	-0.160125222614
-0.858994915260	0.004698463819	0.511962557220	0.945469989988
0.000000000000	0.000000000000	0.000000000000	1.000000000000
6	13	60
0.880476518077	0.107906350739	-0.461646315469	-0.460125928442
-0.031346955657	0.984872778097	0.170420008611	-0.418350731616
0.473052290436	-0.135579609212	0.870539889999	0.287646980356
0.000000000000	0.000000000000	0.000000000000	1.000000000000
6	14	60
0.968802876732	-0.014797865387	-0.247390398390	-0.922277778682
0.052181651343	0.988018138777	0.145248864751	-0.328830654032
0.242276827821	-0.153626757527	0.957966992163	0.506478926300
0.000000000000	0.000000000000	0.000000000000	1.000000000000
6	22	60
0.755375361429	-0.312789003782	0.575822110082	0.524996545666
0.195860154955	0.946325006001	0.257114337831	-0.239206761356
-0.625337399367	-0.081437228161	0.776093496186	-0.467775316306
0.000000000000	0.000000000000	0.000000000000	1.000000000000
6	27	60
0.012379581837	0.403118651840	-0.915063986010	1.268187495243
-0.257546841464	0.885543463531	0.386629536701	-0.842816856697
0.966186509120	0.230885527344	0.114784593294	1.470122017002
0.000000000000	0.000000000000	0.000000000000	1.000000000000
6	34	60
-0.880100345107	-0.314814393350	0.355408610310	-0.730652237226
0.252526414174	0.323521085001	0.911901594310	-1.017933914025
-0.402061926434	0.892314969784	-0.205232068675	1.360163943165
0.000000000000	0.000000000000	0.000000000000	1.000000000000
6	42	60
0.870823860895	-0.230347170736	-0.434287904770	0.224845870106
0.027580305105	0.904927173267	-0.424671800163	0.238237475789
0.490820873707	0.357836543714	0.794385220102	0.027655682109
0.000000000000	0.000000000000	0.000000000000	1.000000000000
6	44	60
0.943827120960	0.203337161179	-0.260469508052	-1.276851039234
-0.242893672662	0.961348919763	-0.129656925197	-0.473642282591
0.224038009100	0.185640117848	0.956736493045	0.671194047677
0.000000000000	0.000000000000	0.000000000000	1.000000000000
6	45	60
0.996160948864	0.035585312734	-0.079981557095	-1.330819205168
-0.050903888934	0.978772504532	-0.198527525707	-0.584774456942
0.071219084866	0.201836740684	0.976826377644	0.945722597709
0.000000000000	0.000000000000	0.000000000000	1.000000000000
6	46	60
0.985861827967	-0.090728168190	0.140871770254	-1.232221212003
0.112863892438	0.980956202354	-0.158071726908	-0.716336078054
-0.123847478542	0.171736217965	0.977327209024	1.103816757196
0.000000000000	0.000000000000	0.000000000000	1.000000000000
6	47	60
0.936379668222	-0.097794308496	0.337089587745	-1.121784803658
0.128744595729	0.989156970087	-0.070663410608	-0.835933867433
-0.326524035885	0.109566243680	0.938816964182	1.285100400518
0.000000000000	0.000000000000	0.000000000000	1.000000000000
6	48	60
0.854743259650	-0.145666625081	0.498191925287	-1.035313781913
0.192778212864	0.980249416608	-0.044132095848	-0.794898016405
-0.481923770662	0.133762160480	0.865942933278	1.423553521733
0.000000000000	0.000000000000	0.000000000000	1.000000000000
6	50	60
0.812305370472	-0.221561960573	0.539509298094	-0.836585554327
0.152960730743	0.973583862927	0.169521316355	-0.894040675223
-0.562817021734	-0.055179339205	0.824737679855	1.642232541257
0.000000000000	0.000000000000	0.000000000000	1.000000000000
6	51	60
0.924195193534	-0.181720375941	0.335918069203	-0.915064574003
0.138424698521	0.979125815224	0.148832929156	-0.803531406505
-0.355952029196	-0.091051320308	0.930057960550	1.679099524917
0.000000000000	0.000000000000	0.000000000000	1.000000000000
6	52	60
0.922082136376	-0.118092898940	0.368535752671	-0.879332915280
0.056826570927	0.983297797001	0.172905127885	-0.789072506361
-0.382799261512	-0.138490106622	0.913392147850	1.625157420593
0.000000000000	0.000000000000	0.000000000000	1.000000000000
6	55	60
0.114530380086	-0.482742316520	0.868241123121	-0.820819226657
0.305955651960	0.848650005975	0.431490795258	-0.625306819976
-0.945131700384	0.216224474099	0.244893947924	1.281385263796
0.000000000000	0.000000000000	0.000000000000	1.000000000000
6	56	60
-0.029317218292	-0.533742908893	0.845138454881	-0.984956514728
0.326945776674	0.793874186531	0.512708723424	-0.530675255249
-0.944588248829	0.291345642093	0.151230807069	1.215016283337
0.000000000000	0.000000000000	0.000000000000	1.000000000000
6	57	60
-0.127387650303	-0.562433579689	0.816970534957	-1.055832103157
0.293038106859	0.765570053973	0.572740046084	-0.530411775434
-0.947576410892	0.312363507629	0.067290301108	1.204260780892
0.000000000000	0.000000000000	0.000000000000	1.000000000000
6	58	60
0.170162181110	-0.566472881149	0.806320846216	-1.115705387577
0.307176067323	0.807975592950	0.502810406477	-0.485290550869
-0.936316023458	0.162123151090	0.311493801056	0.994530913448
0.000000000000	0.000000000000	0.000000000000	1.000000000000
7	12	60
0.968559775163	0.020949136696	-0.247897348933	-0.696718744692
-0.007691892360	0.998493570939	0.054327006040	-0.336970292254
0.248662013038	-0.050712153031	0.967261847075	0.492810528177
0.000000000000	0.000000000000	0.000000000000	1.000000000000
7	13	60
-0.983481333257	0.127100513698	-0.128879504004	0.653332271962
0.074066947455	-0.367092252070	-0.927231020709	0.876506609485
-0.165162206420	-0.921460111935	0.351614430424	1.367141366261
0.000000000000	0.000000000000	0.000000000000	1.000000000000
7	14	60
0.974279721801	-0.070704172602	-0.213962481908	-1.225545642890
0.098364278383	0.987703747747	0.121514507055	-0.496607401313
0.202739962577	-0.139435385262	0.969254497493	0.686305003369
0.000000000000	0.000000000000	0.000000000000	1.000000000000
7	22	60
0.708449075709	-0.340422399487	0.618233367794	0.078160690757
0.234153527121	0.939736896020	0.249131876716	-0.315755584259
-0.665786777327	-0.031735724136	0.745466840946	-0.366106492155
0.000000000000	0.000000000000	0.000000000000	1.000000000000
7	23	60
0.767917809348	-0.305592052691	0.562952693767	0.549406522126
0.236143931369	0.952018642939	0.194670355149	-0.261857318549
-0.595431172987	-0.016552970390	0.803235779462	-0.397739321098
0.000000000000	0.000000000000	0.000000000000	1.000000000000
7	27	60
0.117264995206	0.417236046398	-0.901200866891	0.929555882824
-0.284394728646	0.883564952828	0.372065333580	-0.951013305008
0.951508570228	0.212666536436	0.222270972154	1.457910015079
0.000000000000	0.000000000000	0.000000000000	1.000000000000
7	34	60
-0.913358174414	-0.247249580191	0.323488006465	-1.066490503718
0.241110551598	0.311765843710	0.919058083368	-1.154992667001
-0.328089236549	0.917425584879	-0.225139399193	1.556749004011
0.000000000000	0.000000000000	0.000000000000	1.000000000000
7	46	60
0.954839627379	-0.190248213585	0.228225553379	-1.579304698308
0.221068006334	0.968107816487	-0.117882111585	-1.009915854830
-0.198520081005	0.163011879580	0.966445500043	1.311104196468
0.000000000000	0.000000000000	0.000000000000	1.000000000000
7	47	60
0.907463953989	-0.114684505762	0.404174017410	-1.440231397082
0.168793260240	0.980487118135	-0.100766296299	-0.988232011293
-0.384731084667	0.159663631771	0.909114688684	1.487099390744
0.000000000000	0.000000000000	0.000000000000	1.000000000000
7	48	60
0.812016215611	-0.110339447998	0.573109825253	-1.384664423351
0.167877674345	0.984624289003	-0.048291779435	-0.910593987477
-0.558969365925	0.135426052590	0.818054418873	1.654034131195
0.000000000000	0.000000000000	0.000000000000	1.000000000000
7	49	60
0.760734401481	-0.138981404066	0.634008942939	-1.134258773381
0.179144374815	0.983822537492	0.000712527581	-1.009089283157
-0.623851315118	0.113037091467	0.773325385965	1.694069581516
0.000000000000	0.000000000000	0.000000000000	1.000000000000
7	50	60
0.790482444826	-0.187801558576	0.582982057200	-1.099352212077
0.176301624141	0.981314583316	0.077067670895	-0.956515352068
-0.586562223252	0.041860042624	0.808821670756	1.789760625163
0.000000000000	0.000000000000	0.000000000000	1.000000000000
7	51	60
0.896732471731	-0.224975662826	0.381125734213	-1.195622858404
0.174161722227	0.971059969099	0.163432649508	-0.985459230849
-0.406864312338	-0.080177849500	0.909963155185	1.848468359304
0.000000000000	0.000000000000	0.000000000000	1.000000000000
7	52	60
0.882354807477	-0.078471036206	0.463996002353	-1.194464522357
0.040756284042	0.995036932208	0.090776807906	-0.819133316221
-0.468816508918	-0.061186599997	0.881173808591	1.837306273466
0.000000000000	0.000000000000	0.000000000000	1.000000000000
7	56	60
-0.098151608209	-0.527450965117	0.843896759802	-1.311277211964
0.353371428141	0.774258759707	0.525025720123	-0.674056751567
-0.930319781355	0.349741121995	0.110391358383	1.396483295177
0.000000000000	0.000000000000	0.000000000000	1.000000000000
7	57	60
-0.224842649269	-0.556151418339	0.800088359464	-1.391963463076
0.311363388550	0.737054702343	0.599835982603	-0.695404679044
-0.923308520128	0.383986934197	0.007443858230	1.433502282790
0.000000000000	0.000000000000	0.000000000000	1.000000000000
8	10	60
0.943573626220	0.082778970837	-0.320650048945	-0.422282699739
-0.128817283789	0.983745216404	-0.125105781635	-0.313467555788
0.305081823940	0.159351784391	0.938899403298	0.017114326514
0.000000000000	0.000000000000	0.000000000000	1.000000000000
8	11	60
0.959345145831	-0.094748987360	-0.265856202797	-0.677935946732
0.066736532757	0.991406966065	-0.112509834386	-0.314225570244
0.274231884300	0.090193442290	0.957424679336	0.129994877138
0.000000000000	0.000000000000	0.000000000000	1.000000000000
8	15	60
0.963647888234	-0.265921341664	-0.025857059948	-1.503986406217
0.267164643113	0.958212981127	0.102229820840	-0.690946949927
-0.002408520620	-0.105421643160	0.994424696084	0.560806743718
0.000000000000	0.000000000000	0.000000000000	1.000000000000
8	26	60
0.506259029487	0.221810350514	-0.833367844032	1.030486982305
-0.285455297480	0.954982494951	0.080769471198	-0.755192475806
0.813767207623	0.196998991728	0.546785450662	1.060143613628
0.000000000000	0.000000000000	0.000000000000	1.000000000000
8	34	60
-0.889135757915	-0.360552685823	0.281849897540	-1.478679987793
0.238271704826	0.161097770682	0.957744278480	-1.394681963379
-0.390722662098	0.918721540527	-0.057328285303	1.195962310366
0.000000000000	0.000000000000	0.000000000000	1.000000000000
8	38	60
0.843010921438	-0.473628876862	0.254967200514	-1.762795062866
0.374893120132	0.857261634977	0.352927241333	-0.911704352973
-0.385730132104	-0.201936069585	0.900241128247	0.092562114908
0.000000000000	0.000000000000	0.000000000000	1.000000000000
8	48	60
0.855428210467	-0.190065561435	0.481785905869	-1.854306762651
0.319694299031	0.925637262872	-0.202462867584	-1.093118525830
-0.407477768602	0.327216655963	0.852579103753	1.310618611852
0.000000000000	0.000000000000	0.000000000000	1.000000000000
8	49	60
0.803666945762	-0.233511202789	0.547349941502	-1.647843004305
0.357171446133	0.924973605920	-0.129816741672	-1.219302030394
-0.475970585601	0.299827194435	0.826774246768	1.369764660172
0.000000000000	0.000000000000	0.000000000000	1.000000000000
8	50	60
0.846163778462	-0.281873944337	0.452276397264	-1.571331378531
0.286363769431	0.956228139572	0.060195819185	-1.300828123555
-0.449447050915	0.078580052136	0.889844100857	1.439848186670
0.000000000000	0.000000000000	0.000000000000	1.000000000000
8	52	60
0.943204095509	-0.167354515648	0.286981707268	-1.639925587952
