0	1	38
0.999021110001	0.004653075099	-0.043990574727	-0.083875908370
-0.002527120604	0.998831603331	0.048260147626	0.034652312613
0.044163734377	-0.048101736763	0.997865615946	0.490758286563
0.000000000000	0.000000000000	0.000000000000	1.000000000000
0	6	38
0.508081347645	0.137732852788	-0.850225267466	1.177034331389
0.023843485730	0.984503943047	0.173733918141	0.009335789218
0.860978996471	-0.108543297293	0.496924058835	3.262181931868
0.000000000000	0.000000000000	0.000000000000	1.000000000000
0	8	38
-0.052301653681	-0.025643524486	-0.998302031789	1.833769594544
0.062140314774	0.997649433560	-0.028882330180	0.031953383750
0.996696101278	-0.063545396126	-0.050585218486	3.449485792374
0.000000000000	0.000000000000	0.000000000000	1.000000000000
0	9	38
0.196883704250	0.019883682315	0.980225201767	-3.604260494652
-0.024069079005	0.999591026777	-0.015442105509	0.168952453143
-0.980131361827	-0.020552818890	0.197281766008	2.370432518574
0.000000000000	0.000000000000	0.000000000000	1.000000000000
0	10	38
0.753078133551	-0.011358118987	0.657833047133	-3.059567921698
-0.024501522985	0.998673272425	0.045292055767	0.045283205962
-0.657474714448	-0.050226368346	0.751800712812	0.858664097837
0.000000000000	0.000000000000	0.000000000000	1.000000000000
0	11	38
0.297393858292	-0.011219341405	0.954688964757	-3.287955767810
0.038366287688	0.999263721247	-0.000208253671	0.337707455377
-0.953983711087	0.036689804837	0.297605337992	2.140632093497
0.000000000000	0.000000000000	0.000000000000	1.000000000000
0	27	38
0.941322641240	0.072951481338	-0.329529613933	1.298087008056
0.009493400511	0.970251401174	0.241913401585	-0.024830910653
0.337374510648	-0.230846918736	0.912627053990	0.493077801307
0.000000000000	0.000000000000	0.000000000000	1.000000000000
0	28	38
0.927046433188	0.141540950892	-0.347204651373	1.455279208362
-0.062967411323	0.971630289250	0.227968607760	-0.109804034265
0.369621449358	-0.189474906606	0.909658861300	1.179466278351
0.000000000000	0.000000000000	0.000000000000	1.000000000000
1	2	38
0.999274659989	-0.029063109762	-0.024606697357	0.002416274743
0.029568775689	0.999353704056	0.020441665653	0.026887914209
0.023996695776	-0.021154428410	0.999488193402	0.869431172406
0.000000000000	0.000000000000	0.000000000000	1.000000000000
1	6	38
0.538091723156	0.144498772735	-0.830407973317	1.365339040543
-0.024895848766	0.987490535225	0.155700480270	-0.170599738484
0.842518542339	-0.063107428407	0.534957903292	2.693873458384
0.000000000000	0.000000000000	0.000000000000	1.000000000000
1	8	38
0.201946453917	0.005782664751	-0.979379492607	1.991238622824
0.018531470525	0.999780987480	0.009724282677	-0.230622231725
0.979221228503	-0.020113126603	0.201795063834	2.428886521955
0.000000000000	0.000000000000	0.000000000000	1.000000000000
1	9	38
-0.223678083391	0.123492609724	-0.966807990427	2.381739903763
0.097197566014	0.989822251338	0.103944908089	-0.366681049960
0.969804489664	-0.070721185653	-0.233404725163	2.681435763679
0.000000000000	0.000000000000	0.000000000000	1.000000000000
1	10	38
-0.380507409211	0.085356794864	-0.920830239027	2.417998163943
0.136792509173	0.989972691936	0.035240298750	-0.172140259686
0.914604789496	-0.112553484142	-0.388368114343	2.940769877532
0.000000000000	0.000000000000	0.000000000000	1.000000000000
1	27	38
0.950963961813	0.055293578766	-0.304319180271	1.400407071789
0.013642050361	0.975435450762	0.219862629518	-0.105329767024
0.309000708406	-0.213232974804	0.926849642963	-0.038780599280
0.000000000000	0.000000000000	0.000000000000	1.000000000000
1	28	38
0.981746067025	0.086778801118	-0.169245678104	1.257200454719
-0.052080164088	0.978490858141	0.199607858169	-0.202374133296
0.182927079430	-0.187149887018	0.965149005802	0.398249032973
0.000000000000	0.000000000000	0.000000000000	1.000000000000
2	3	38
0.999468901537	0.001940625752	-0.032529199673	0.245231166332
-0.000530800905	0.999062277081	0.043293010563	-0.084269235439
0.032582711828	-0.043252751183	0.998532706728	0.745886398437
0.000000000000	0.000000000000	0.000000000000	1.000000000000
2	5	38
0.819236615583	0.073277552829	-0.568754576192	0.986938452645
-0.004923155431	0.992664393287	0.120802172332	-0.175334833151
0.573434503870	-0.096165495635	0.813587774749	1.755247292340
0.000000000000	0.000000000000	0.000000000000	1.000000000000
2	8	38
0.129285373450	0.056597088846	-0.989990940234	2.081853183577
-0.016181297468	0.998357310087	0.054962232563	-0.398192221876
0.991475394462	0.008913525132	0.129988812001	1.726437219370
0.000000000000	0.000000000000	0.000000000000	1.000000000000
3	4	38
0.978228589016	0.015957934596	-0.206915857188	0.485814941117
-0.005150661683	0.998598996260	0.052664175224	-0.073392779921
0.207466378762	-0.050451848244	0.976940281026	0.531299072933
0.000000000000	0.000000000000	0.000000000000	1.000000000000
3	5	38
0.826624897749	0.044313504517	-0.561005874959	0.796019697387
0.013244324218	0.995086811087	0.098116391481	-0.149458680909
0.562597428271	-0.088535595772	0.821976631045	1.025080538099
0.000000000000	0.000000000000	0.000000000000	1.000000000000
3	6	38
0.567556246060	0.101870825786	-0.817008104251	1.216767496792
-0.035076335330	0.994406757722	0.099623545895	-0.161432385084
0.822587112869	-0.027884315496	0.567955021715	1.052725964183
0.000000000000	0.000000000000	0.000000000000	1.000000000000
4	5	38
0.929382193626	0.077729683339	-0.360841841392	0.427673548523
-0.053584880756	0.995631862282	0.076458193562	-0.149707750466
0.365208705709	-0.051723216610	0.929487660025	0.426686867782
0.000000000000	0.000000000000	0.000000000000	1.000000000000
4	6	38
0.721812626999	0.126026857575	-0.680517275809	0.837481007296
-0.095209174764	0.992013832891	0.082727071714	-0.149357233315
0.685508384008	0.005078043284	0.728047023846	0.365287548123
0.000000000000	0.000000000000	0.000000000000	1.000000000000
4	7	38
0.489782360155	0.074649571904	-0.868643011309	1.187515773998
-0.098626349725	0.994676129831	0.029870384722	-0.221092306738
0.866248280126	0.071041101892	0.494537237244	0.283787898141
0.000000000000	0.000000000000	0.000000000000	1.000000000000
5	6	38
0.930808987613	0.089200170524	-0.354454451456	0.362805266488
-0.090543381246	0.995809858972	0.012830467152	-0.002567780666
0.354113717174	0.020150790392	0.934985251732	-0.217954227719
0.000000000000	0.000000000000	0.000000000000	1.000000000000
5	7	38
0.776186475207	0.060448788709	-0.627598995895	0.682842002135
-0.097031327555	0.994987823520	-0.024169247412	-0.106532977056
0.622992357239	0.079656606701	0.778161517829	-0.402031643977
0.000000000000	0.000000000000	0.000000000000	1.000000000000
5	8	38
0.637925210658	0.025419580866	-0.769678680045	0.972245675099
-0.117051731317	0.991043089407	-0.064284423732	-0.074899314407
0.761150653815	0.131100876608	0.635186777531	-0.601422188027
0.000000000000	0.000000000000	0.000000000000	1.000000000000
6	7	38
0.945920953337	-0.002562951375	-0.324387085622	0.291802216133
-0.025081366242	0.996397636313	-0.081010341420	-0.025755845025
0.323426150930	0.084765450685	0.942449119722	-0.299423233401
0.000000000000	0.000000000000	0.000000000000	1.000000000000
6	8	38
0.893693514724	-0.011905776698	-0.448519959669	0.331377666471
-0.048498160657	0.991227602273	-0.122946203299	-0.022724463750
0.446049134236	0.131628617611	0.885276271495	-0.595863054447
0.000000000000	0.000000000000	0.000000000000	1.000000000000
7	8	38
0.991192809131	0.012112321213	-0.131871554181	-0.063656483545
-0.017835981599	0.998945358268	-0.042308970160	-0.034401779227
0.131220017100	0.044288405598	0.990363490968	-0.300112093133
0.000000000000	0.000000000000	0.000000000000	1.000000000000
9	10	38
0.988007914139	-0.000813692997	-0.154401099419	0.213747079422
0.004128652261	0.999767781531	0.021150348528	-0.016774623984
0.154348034742	-0.021534180180	0.987781839910	-0.047368798915
0.000000000000	0.000000000000	0.000000000000	1.000000000000
9	11	38
0.999570664568	-0.027835230904	0.009148030138	-0.046565385319
0.027150689354	0.997319412559	0.067947254550	0.048051238154
-0.011014835563	-0.067669707062	0.997646973705	0.278660818407
0.000000000000	0.000000000000	0.000000000000	1.000000000000
10	11	38
0.993549165885	-0.037507758317	0.107019731987	-0.051951650767
0.032297976260	0.998226555137	0.050005853153	0.042640203776
-0.108705545848	-0.046226752926	0.992998585908	0.339914331724
0.000000000000	0.000000000000	0.000000000000	1.000000000000
14	15	38
0.995937157805	0.032861345451	-0.083840978516	0.148832774350
-0.029780971447	0.998844073547	0.037730763034	-0.051209935040
0.084983948149	-0.035080603110	0.995764570490	0.120956996228
0.000000000000	0.000000000000	0.000000000000	1.000000000000
14	16	38
0.990031718895	0.010188876720	-0.140475557922	0.191781101872
0.000567588228	0.997083217307	0.076319955506	-0.063155858853
0.140843435864	-0.075638909009	0.987138228425	0.187892483326
0.000000000000	0.000000000000	0.000000000000	1.000000000000
14	17	38
0.919298364775	0.075543320894	-0.386243088211	0.347885844567
-0.058287540288	0.996715980169	0.056212254198	-0.093590721736
0.389221118607	-0.029162673800	0.920682605075	0.753549271919
0.000000000000	0.000000000000	0.000000000000	1.000000000000
15	16	38
0.998641470221	-0.028094619211	-0.043885149257	0.024086474615
0.029801499356	0.998804953126	0.038736755761	-0.016592342753
0.042744410044	-0.039991973972	0.998285308631	0.049143598990
0.000000000000	0.000000000000	0.000000000000	1.000000000000
15	17	38
0.939417605451	0.067637947555	-0.336035222289	0.323084504625
-0.068811087992	0.997594088116	0.008430274314	-0.050914065605
0.335796957607	0.015203401140	0.941811690231	0.633863955167
0.000000000000	0.000000000000	0.000000000000	1.000000000000
16	17	38
0.967716602121	0.101388390062	-0.230748721211	0.151032768839
-0.112531188127	0.993009636580	-0.035617318243	-0.023464582622
0.225524521236	0.060433897943	0.972361267380	0.500439940506
0.000000000000	0.000000000000	0.000000000000	1.000000000000
17	18	38
0.975782391034	0.019007603281	-0.217916122317	0.189933488804
-0.006843090612	0.998382462175	0.056441397331	-0.033966400748
0.218636450435	-0.053583301870	0.974334096859	0.561303964006
0.000000000000	0.000000000000	0.000000000000	1.000000000000
18	19	38
0.896029113718	0.016513010166	-0.443688120041	0.274083508574
-0.014733309006	0.999863640276	0.007458582947	-0.016782391212
0.443750782508	-0.000146113293	0.896150222716	0.537318938873
0.000000000000	0.000000000000	0.000000000000	1.000000000000
19	20	38
0.925610602478	0.056914282139	-0.374173458532	0.292193192386
-0.058241984743	0.998272272760	0.007767924555	-0.077809712537
0.373969094705	0.014602531535	0.927326200578	0.146133597664
0.000000000000	0.000000000000	0.000000000000	1.000000000000
19	21	38
0.580516313858	0.125659001393	-0.804494017823	1.074622890166
-0.048134824394	0.991588281003	0.120148739726	-0.175712328540
0.812824610863	-0.031024125227	0.581681747719	0.341042121841
0.000000000000	0.000000000000	0.000000000000	1.000000000000
20	21	38
0.922097144858	0.073526468224	-0.379908823161	0.339269242431
-0.043907134775	0.995321773671	0.086062363274	-0.054704205235
0.384459385321	-0.062677151554	0.921011702266	-0.248651476100
0.000000000000	0.000000000000	0.000000000000	1.000000000000
21	22	38
0.920057504148	0.008141661532	-0.391698739351	0.191632442270
-0.001988071766	0.999868200455	0.016113016162	0.086586315547
0.391778300359	-0.014046176230	0.919952427195	-0.025619226151
0.000000000000	0.000000000000	0.000000000000	1.000000000000
22	23	38
0.993241424803	0.049190147006	-0.105127548684	-0.020327130615
-0.037054621494	0.992740951099	0.114421846849	0.046726203830
0.109992850135	-0.109753056668	0.987854159009	-0.005508973547
0.000000000000	0.000000000000	0.000000000000	1.000000000000
22	24	38
0.919765962736	0.094074137994	-0.381025760747	0.265231947766
-0.039812709948	0.988203672069	0.147879852029	-0.029619615026
0.390442725530	-0.120845186375	0.912661448189	0.515205079170
0.000000000000	0.000000000000	0.000000000000	1.000000000000
23	24	38
0.967946335955	0.040054031691	-0.247942665262	0.287324945025
-0.032464302396	0.998872930246	0.034625688327	-0.126062094054
0.249050115001	-0.025466522485	0.968155719113	0.444169618363
0.000000000000	0.000000000000	0.000000000000	1.000000000000
23	25	38
0.874962824447	0.104101324386	-0.472866757233	0.676819860976
-0.090984614213	0.994565910858	0.050600878811	-0.256393551713
0.475564775621	-0.001250288363	0.879679817301	0.941001858322
0.000000000000	0.000000000000	0.000000000000	1.000000000000
24	25	38
0.985274288672	0.053207992743	-0.162491493902	0.374093728655
-0.050402322838	0.998500909530	0.021343371789	-0.133728514832
0.163383542424	-0.012839126723	0.986479079804	0.316245502099
0.000000000000	0.000000000000	0.000000000000	1.000000000000
25	26	38
0.945011571008	0.062172525737	-0.321072745191	0.345165160294
-0.064121278097	0.997931914444	0.004511743544	-0.081651986820
0.320689245776	0.016323944930	0.947043788040	0.407535968814
0.000000000000	0.000000000000	0.000000000000	1.000000000000
26	27	38
0.968753307895	0.033222034693	-0.245791222085	0.227371292653
-0.033488347346	0.999434308598	0.003097319748	-0.092088625199
0.245755079368	0.005230603069	0.969317843515	0.346111325174
0.000000000000	0.000000000000	0.000000000000	1.000000000000
26	28	38
0.960866027570	0.057776352011	-0.270921335833	0.344846747043
-0.079435452023	0.994402699549	-0.069665487089	-0.003288198820
0.265379890013	0.088459958613	0.960077262359	0.387943578872
0.000000000000	0.000000000000	0.000000000000	1.000000000000
27	28	38
0.983076097518	-0.011273850060	0.182850449255	-0.134836915399
0.018903258753	0.999019423800	-0.040035705043	-0.082587843985
-0.182219793921	0.042814614031	0.982325229000	0.405476688686
0.000000000000	0.000000000000	0.000000000000	1.000000000000
29	30	38
0.973000195298	-0.016643734812	0.230203401455	0.156803439528
-0.015592871891	0.990377528454	0.137510775869	0.052331665429
-0.230276968662	-0.137387543924	0.963378004980	0.278370967686
0.000000000000	0.000000000000	0.000000000000	1.000000000000
30	31	38
0.957220175325	-0.020614312422	0.288625338588	-0.054113206986
0.022890694474	0.999727784798	-0.004513580449	-0.019052765993
-0.288453726026	0.010927324712	0.957431481369	0.676896968565
0.000000000000	0.000000000000	0.000000000000	1.000000000000
31	32	38
0.809861395030	-0.044694826038	0.584916142165	-0.511904229576
0.053734460877	0.998553448159	0.001902336297	0.040171432708
-0.584155055233	0.029889524831	0.811091540920	0.331518268685
0.000000000000	0.000000000000	0.000000000000	1.000000000000
31	33	38
0.626543318691	-0.104964697996	0.772286139962	-1.066075745966
0.096406949939	0.993717326358	0.056846946258	0.022228257140
-0.773401040733	0.038836676868	0.632726277883	0.275203207062
0.000000000000	0.000000000000	0.000000000000	1.000000000000
31	34	38
0.426207568031	0.002669540360	0.904621458129	-1.417351962647
0.070295269251	0.996874203710	-0.036061019092	0.022114462637
-0.901890062077	0.078960088217	0.424687673938	0.369018659033
0.000000000000	0.000000000000	0.000000000000	1.000000000000
31	35	38
0.440864322737	0.094744692699	0.892559293349	-1.402318498117
0.094328239889	0.984016113936	-0.151044598295	0.043306685831
-0.892603401348	0.150783721669	0.424880497531	0.282277728183
0.000000000000	0.000000000000	0.000000000000	1.000000000000
31	36	38
0.522180909811	0.126012099341	0.843473798199	-1.478835887357
0.091310848129	0.975077712206	-0.202202334739	0.031667883863
-0.847932442145	0.182604507008	0.497660695231	0.378107850581
0.000000000000	0.000000000000	0.000000000000	1.000000000000
31	37	38
0.474842256080	-0.036498688902	0.879313753759	-1.459246902497
0.051157087206	0.998594934071	0.013824256794	0.026884964958
-0.878582827211	0.038418789098	0.476042238015	0.349290153539
0.000000000000	0.000000000000	0.000000000000	1.000000000000
32	33	38
0.962190654397	-0.041940968720	0.269128407521	-0.426783448168
0.034003017844	0.998840116507	0.034091295585	0.028259096320
-0.270246071885	-0.023651147965	0.962500744847	-0.385487131375
0.000000000000	0.000000000000	0.000000000000	1.000000000000
32	34	38
0.865213054660	-0.016253204654	0.501140901727	-0.875606055080
0.065862203032	0.994498392001	-0.081456236834	0.108784710396
-0.497059896046	0.103483243309	0.861523463463	-0.445132552353
0.000000000000	0.000000000000	0.000000000000	1.000000000000
32	35	38
0.864859361294	0.048270764971	0.499688121163	-0.857840413410
0.052759442012	0.981114519040	-0.186093368523	0.069495903960
-0.499234139919	0.187307858295	0.845979337667	-0.500118311842
0.000000000000	0.000000000000	0.000000000000	1.000000000000
32	36	38
0.924026290657	0.031473850790	0.381031246608	-0.802330089305
0.066316234061	0.968305270255	-0.240805026312	0.074866775051
-0.376533625690	0.247778732569	0.892652299841	-0.541927918384
0.000000000000	0.000000000000	0.000000000000	1.000000000000
32	37	38
0.890966364914	0.009473154424	0.453970479148	-0.861925179290
0.002507420903	0.999664459324	-0.025781419763	0.080125707358
-0.454062384957	0.024108672917	0.890643656272	-0.515294483458
0.000000000000	0.000000000000	0.000000000000	1.000000000000
33	34	38
0.971005139354	-0.006175352630	0.238978836654	-0.375920831565
0.034458579858	0.992842209355	-0.114354508423	0.070787600854
-0.236562096759	0.119273686714	0.964267681733	-0.181620799216
0.000000000000	0.000000000000	0.000000000000	1.000000000000
33	35	38
0.970777689966	0.030038892688	0.238093136380	-0.356679735249
0.030114682434	0.969043747962	-0.245045547679	0.119938406564
-0.238083562152	0.245054849904	0.939821439408	-0.218537391480
0.000000000000	0.000000000000	0.000000000000	1.000000000000
33	36	38
0.994517055546	0.002151841219	0.104552359168	-0.291086293017
0.026248797052	0.962643999388	-0.269494955602	0.036598137406
-0.101226611528	0.270761703387	0.957309392567	-0.253226161982
0.000000000000	0.000000000000	0.000000000000	1.000000000000
33	37	38
0.980016294297	0.048375695908	0.192945212320	-0.380704527963
-0.034768573918	0.996703851817	-0.073297872007	0.088721643350
-0.195855071876	0.065124679028	0.978467969329	-0.227844486322
0.000000000000	0.000000000000	0.000000000000	1.000000000000
34	35	38
0.999996373620	0.001523995364	0.002220402077	0.026724859268
-0.001219676426	0.991364350972	-0.131130606691	0.040616021508
-0.002401069901	0.131127422989	0.991362614689	-0.035550482473
0.000000000000	0.000000000000	0.000000000000	1.000000000000
34	36	38
0.990970228795	-0.018872258755	-0.132747291841	0.077265299594
-0.003310361898	0.986299519191	-0.164931197616	-0.015012527290
0.134041214355	0.163881348214	0.977330986187	-0.046834115030
0.000000000000	0.000000000000	0.000000000000	1.000000000000
34	37	38
0.995840294294	0.078251848561	-0.046677151342	0.019847150602
-0.076685739712	0.996459940866	0.034451176662	0.023627375465
0.049207779725	-0.030728398027	0.998315761655	-0.052832848789
0.000000000000	0.000000000000	0.000000000000	1.000000000000
35	36	38
0.991773059718	-0.014609586169	-0.127172158940	0.036223769192
0.010077885374	0.999293561263	-0.036205174279	-0.066302421455
0.127611262214	0.034625690031	0.991219666545	-0.006959890876
0.000000000000	0.000000000000	0.000000000000	1.000000000000
35	37	38
0.996288496585	0.069917913778	-0.050206741630	-0.010493409940
-0.060455064326	0.983575193662	0.170073582931	-0.030341355518
0.061273295729	-0.166407102452	0.984151542947	-0.017161886867
0.000000000000	0.000000000000	0.000000000000	1.000000000000
36	37	38
0.994960489922	0.057929251014	0.081840242983	-0.055155950591
-0.073945549180	0.975175904707	0.208719933490	0.014162934134
-0.067717643574	-0.213719808994	0.974545106187	0.005275683400
0.000000000000	0.000000000000	0.000000000000	1.000000000000
