0	1	60
0.831815330652	-0.091536011782	0.547452659358	-0.010101667031
0.041499732974	0.993803689338	0.103111586264	-0.026956797372
-0.553498895983	-0.063050659043	0.830459864497	0.092726183365
0.000000000000	0.000000000000	0.000000000000	1.000000000000
0	51	60
-0.246091943912	0.335023748086	-0.909504174460	1.542523163652
-0.169060762303	0.909140414344	0.380633899773	-0.363735488314
0.954388397767	0.247432405365	-0.167092761614	1.999360542536
0.000000000000	0.000000000000	0.000000000000	1.000000000000
0	52	60
0.182554428678	0.409508266864	-0.893855055330	0.995079676944
-0.111625596566	0.911886598408	0.394971591175	-0.368551154452
0.976838577638	0.027673290624	0.212180541579	1.812964856192
0.000000000000	0.000000000000	0.000000000000	1.000000000000
0	53	60
0.553846510775	0.429487040140	-0.713298622496	0.576566172119
-0.058284325893	0.874589942184	0.481347452872	-0.231294126675
0.830576293821	-0.225018477871	0.509420950452	1.745848180726
0.000000000000	0.000000000000	0.000000000000	1.000000000000
0	54	60
0.736091875817	0.370555230079	-0.566442911349	0.422902834569
-0.120062146965	0.895049200021	0.429502049364	-0.245710916436
0.666148505382	-0.248144617113	0.703328101085	1.538662310514
0.000000000000	0.000000000000	0.000000000000	1.000000000000
0	55	60
0.779642713306	0.140153194544	-0.610339513425	0.436168811356
-0.090424770709	0.989614961583	0.111738930789	-0.366385141260
0.619661682236	-0.031926632627	0.784219414257	1.438844602622
0.000000000000	0.000000000000	0.000000000000	1.000000000000
0	56	60
0.717617624692	0.037451444985	-0.695429603914	0.555855003597
-0.112060602049	0.991751120045	-0.062226500439	-0.520949036234
0.687362616236	0.122585093536	0.715894914526	1.438590582034
0.000000000000	0.000000000000	0.000000000000	1.000000000000
0	57	60
0.685832077708	0.001400760690	-0.727758475770	0.585582882857
-0.091744874761	0.992186588239	-0.084549701796	-0.379496879908
0.721953765238	0.124755007868	0.680601901900	0.941280762647
0.000000000000	0.000000000000	0.000000000000	1.000000000000
0	58	60
0.909759190166	0.013116778693	-0.414929109638	0.336385427506
-0.062403703697	0.992464613665	-0.105450312415	-0.333808544085
0.410419290084	0.121827504039	0.903722338767	0.622305189567
0.000000000000	0.000000000000	0.000000000000	1.000000000000
0	59	60
0.499262280011	0.284557285936	-0.818391304193	0.570621886615
-0.191477808251	0.957415100487	0.216084646163	-0.354824699784
0.845028653186	0.048820860099	0.532487651419	1.020792685870
0.000000000000	0.000000000000	0.000000000000	1.000000000000
1	3	60
0.474286951494	-0.217592776076	0.853056429225	-0.581923111145
0.178460295769	0.972620131497	0.148869078862	-0.050092279453
-0.862092692508	0.081630041082	0.500132708305	0.660823466090
0.000000000000	0.000000000000	0.000000000000	1.000000000000
1	4	60
0.211867295363	-0.306830599765	0.927883199656	-1.066607520077
0.106972503595	0.951013016285	0.290053661124	-0.140388335944
-0.971426339271	0.037805104218	0.234310993052	0.805760477578
0.000000000000	0.000000000000	0.000000000000	1.000000000000
1	5	60
0.285757350180	-0.236932472926	0.928550343326	-0.935713466986
0.107686568834	0.970755826775	0.214561710646	-0.181574847161
-0.952232292936	0.038679814578	0.302915057786	0.971507395332
0.000000000000	0.000000000000	0.000000000000	1.000000000000
1	6	60
0.235307905994	-0.007344591279	0.971893124966	-0.928699833377
0.151573760336	0.988013619002	-0.029231555619	-0.247194398165
-0.960028949852	0.154191911737	0.233600663099	1.244878942619
0.000000000000	0.000000000000	0.000000000000	1.000000000000
1	7	60
0.460992105943	-0.167635529769	0.871426765378	-0.843033948808
0.128183108640	0.984275635010	0.121534213227	-0.192290553738
-0.878097585077	0.055675878838	0.475231341136	1.045552189334
0.000000000000	0.000000000000	0.000000000000	1.000000000000
1	8	60
0.787806740449	-0.141460225573	0.599457708503	-0.310387032975
0.051853931000	0.985045699647	0.164305019544	-0.207654356358
-0.613735863009	-0.098356363233	0.783360910608	1.546230977325
0.000000000000	0.000000000000	0.000000000000	1.000000000000
1	37	60
-0.644439752722	0.444536965252	-0.622160985305	1.611996321256
-0.062017855587	0.780582461828	0.621968492671	-0.579796912011
0.762135939777	0.439406311756	-0.475469139366	2.627211006729
0.000000000000	0.000000000000	0.000000000000	1.000000000000
1	38	60
-0.659536993803	-0.317418146164	0.681363834006	-0.133420348107
0.244034449122	0.766942999226	0.593502842099	-0.734385853939
-0.710955794299	0.557713328175	-0.428366317687	3.279438158163
0.000000000000	0.000000000000	0.000000000000	1.000000000000
1	46	60
-0.866987710418	-0.123058178085	0.482896463842	-0.120963502854
0.089678769030	0.914681879788	0.394099958352	-0.958164159877
-0.490193868148	0.384985381013	-0.781982242788	3.479362552625
0.000000000000	0.000000000000	0.000000000000	1.000000000000
2	3	60
0.842275351783	-0.143214104685	0.519674852190	-0.546337252091
0.134152180429	0.989420007030	0.055238050061	-0.028997599152
-0.522087563791	0.023189866488	0.852576568894	0.131099976568
0.000000000000	0.000000000000	0.000000000000	1.000000000000
2	4	60
0.602867924252	-0.211672082681	0.769249761340	-1.217319339735
0.110494907879	0.977024166787	0.182248876121	-0.034995400267
-0.790152606299	-0.024873820129	0.612405218651	0.140531769851
0.000000000000	0.000000000000	0.000000000000	1.000000000000
2	6	60
0.720879094518	0.016044754152	0.692875094769	-1.011725010901
0.125423216401	0.980204867362	-0.153190844334	-0.166153061935
-0.681617449802	0.197334700102	0.704596812554	0.422920223717
0.000000000000	0.000000000000	0.000000000000	1.000000000000
2	9	60
0.688800455973	0.723413346457	-0.047191757962	0.041498392625
-0.638766514727	0.636410432993	0.432387673784	-1.189217036578
0.342828341177	-0.267684312103	0.900452018455	1.331929396703
0.000000000000	0.000000000000	0.000000000000	1.000000000000
2	36	60
0.879865674862	-0.329135832873	0.342791478481	-1.526952169862
0.294536506281	0.943768304113	0.150165357585	-0.667089682558
-0.372940532348	-0.031160739238	0.927331854118	1.365262062043
0.000000000000	0.000000000000	0.000000000000	1.000000000000
2	37	60
0.768560488863	-0.404392399363	0.495763615342	-1.984499581543
0.220650123120	0.894899754320	0.387901988761	-0.687512266322
-0.600523353523	-0.188735839349	0.777013825372	2.143202647076
0.000000000000	0.000000000000	0.000000000000	1.000000000000
2	38	60
-0.096446459208	-0.491504592989	0.865517946421	-1.609069640117
0.364162438143	0.791856693869	0.490253704750	-0.748847326952
-0.926328127152	0.362472359562	0.102615736618	2.358802618154
0.000000000000	0.000000000000	0.000000000000	1.000000000000
2	39	60
-0.473042890119	-0.279056574326	0.835678079426	-1.459613410313
0.236623356710	0.873424674567	0.425603953126	-0.855736822375
-0.848669435745	0.399069876315	-0.347136029029	2.541943345476
0.000000000000	0.000000000000	0.000000000000	1.000000000000
2	40	60
-0.468280783686	-0.432459414193	0.770514089882	-1.151892144578
0.263353252407	0.764090009330	0.588907057259	-0.901424805224
-0.843420519123	0.478691249887	-0.243919075113	2.419870686733
0.000000000000	0.000000000000	0.000000000000	1.000000000000
2	41	60
-0.647116776148	-0.423724808109	0.633795838595	-0.905930570938
0.153144937664	0.742135657601	0.652519190358	-0.941425188723
-0.746851060182	0.519318739032	-0.415357124887	2.416811016270
0.000000000000	0.000000000000	0.000000000000	1.000000000000
2	45	60
-0.662787456197	-0.042427299846	0.747604649621	-1.253611296405
0.169154771318	0.964102557570	0.204677604607	-0.982082413861
-0.729451472854	0.262118642441	-0.631818301442	2.543875042318
0.000000000000	0.000000000000	0.000000000000	1.000000000000
2	46	60
-0.471018314705	-0.215601779741	0.855369873087	-1.667252333181
0.212784924860	0.913267933931	0.347367610185	-0.985909440571
-0.856074951721	0.345626320505	-0.384289114613	2.649279681373
0.000000000000	0.000000000000	0.000000000000	1.000000000000
2	47	60
-0.613389028197	-0.413593095116	0.672825870311	-1.017764324335
0.148779092373	0.776150539549	0.612743928269	-0.847546429023
-0.775640820071	0.475952825005	-0.414548219885	2.410642626943
0.000000000000	0.000000000000	0.000000000000	1.000000000000
2	49	60
-0.745337937999	-0.462664446084	0.480013508674	-0.528801794678
0.264023269879	0.456290420325	0.849759239598	-0.769554326549
-0.612178953528	0.760092535584	-0.217936381101	1.865521226679
0.000000000000	0.000000000000	0.000000000000	1.000000000000
3	8	60
0.865164266342	0.211814551157	-0.454560653999	-0.473109701634
-0.166282878504	0.976309969532	0.138451607825	-0.225076880337
0.473118163424	-0.044197729707	0.879889631787	0.664908972367
0.000000000000	0.000000000000	0.000000000000	1.000000000000
3	45	60
-0.204021832636	-0.004331082847	0.978956757742	-2.043259832387
0.238721869753	0.969583125600	0.054041016401	-0.742344703677
-0.949414009118	0.244723934819	-0.196782201982	1.802887428929
0.000000000000	0.000000000000	0.000000000000	1.000000000000
3	48	60
-0.339169686225	-0.662858440048	0.667519746826	-1.173422538840
0.132631622896	0.668797574840	0.731518049330	-0.629950967692
-0.931328500882	0.336642974596	-0.138919872952	1.544232697484
0.000000000000	0.000000000000	0.000000000000	1.000000000000
3	49	60
-0.295022896860	-0.696716038079	0.653871740184	-1.032179158794
0.344383153302	0.560800327639	0.752929768466	-0.683805436926
-0.891269731367	0.447313933164	0.074488328930	1.497322829949
0.000000000000	0.000000000000	0.000000000000	1.000000000000
4	8	60
0.693752071220	0.222017325673	-0.685139672460	-0.400579189847
-0.254811294100	0.965434969549	0.054831778846	-0.340612617862
0.673631403720	0.136541666436	0.726345031820	0.910799707129
0.000000000000	0.000000000000	0.000000000000	1.000000000000
4	30	60
0.848751906418	-0.258311650904	0.461405778420	-1.543264161701
0.345423160792	0.931507981774	-0.113911017372	-0.415003522950
-0.400378622481	0.256062435546	0.879846002299	-0.415998845363
0.000000000000	0.000000000000	0.000000000000	1.000000000000
4	41	60
0.130419995746	-0.546582884691	0.827186662654	-1.865079395365
0.307845347783	0.815400715331	0.490258008895	-0.961685858451
-0.942455233185	0.190706118411	0.274607556055	1.602155505336
0.000000000000	0.000000000000	0.000000000000	1.000000000000
4	45	60
0.089149185088	-0.074813870837	0.993204564794	-2.213824069695
0.347636187745	0.936802927852	0.039361851309	-0.923841489442
-0.933381756715	0.341764771588	0.109523226454	1.465032255221
0.000000000000	0.000000000000	0.000000000000	1.000000000000
4	47	60
0.160010488041	-0.531390479868	0.831877876628	-1.877704467148
0.304553450688	0.828199417175	0.470460328897	-0.901992404142
-0.938958912515	0.178072691047	0.294357397244	1.515779437320
0.000000000000	0.000000000000	0.000000000000	1.000000000000
4	48	60
-0.053380393850	-0.740300946237	0.670152999361	-1.309401509998
0.221233034445	0.645664686962	0.730871436356	-0.849087412792
-0.973758942461	0.187274186717	0.129313189453	1.523987101569
0.000000000000	0.000000000000	0.000000000000	1.000000000000
4	49	60
-0.005932851975	-0.810836989440	0.585241982280	-1.151494683974
0.420573835676	0.528949717407	0.737109113497	-0.911243441591
-0.907238915618	0.250510624546	0.337878642381	1.499622687991
0.000000000000	0.000000000000	0.000000000000	1.000000000000
5	8	60
0.714218265760	0.197985346642	-0.671337524178	-0.119194595368
-0.204360399706	0.976351976817	0.070524069639	-0.188172112859
0.669424451217	0.086825226067	0.737788780229	0.841342518792
0.000000000000	0.000000000000	0.000000000000	1.000000000000
5	37	60
0.976599757280	-0.047534121027	-0.209746087971	-1.911783809837
0.110518488199	0.947565618000	0.299841730502	-0.447473295991
0.184495468364	-0.316006181779	0.930645751739	0.578115826330
0.000000000000	0.000000000000	0.000000000000	1.000000000000
5	41	60
0.065261390037	-0.566417730253	0.821530222101	-1.561000868989
0.249299550405	0.806433058785	0.536204677214	-0.841658665962
-0.966224966112	0.169813652434	0.193836627881	1.606862162432
0.000000000000	0.000000000000	0.000000000000	1.000000000000
5	45	60
0.040298737784	-0.085564634213	0.995517305276	-1.920844965933
0.271069064792	0.959898423454	0.071530264661	-0.822538086061
-0.961715952787	0.266971365546	0.061876620242	1.465018962919
0.000000000000	0.000000000000	0.000000000000	1.000000000000
5	47	60
0.091748034364	-0.522646997574	0.847598026259	-1.643358223941
0.234123456543	0.838649171871	0.491786308894	-0.739717837782
-0.967868020593	0.153322152499	0.199308334664	1.564070852573
0.000000000000	0.000000000000	0.000000000000	1.000000000000
5	48	60
-0.131135128851	-0.730606493041	0.670087852679	-1.053297392270
0.145467194890	0.654427742608	0.741999747248	-0.686299727966
-0.980633913952	0.194778032722	0.020460810760	1.531503434921
0.000000000000	0.000000000000	0.000000000000	1.000000000000
5	49	60
-0.055615988755	-0.797783118373	0.600374014955	-0.892313001275
0.368741494093	0.542383836447	0.754883755618	-0.724865632717
-0.927866678100	0.263366417754	0.264010525683	1.428059817669
0.000000000000	0.000000000000	0.000000000000	1.000000000000
6	8	60
0.744367699674	0.235389342685	-0.624906861086	-0.047734662681
-0.051405004433	0.953233488530	0.297831230506	0.051143037363
0.665788444779	-0.189572607979	0.721656409313	0.710478222490
0.000000000000	0.000000000000	0.000000000000	1.000000000000
6	40	60
0.192671078447	-0.491911453165	0.849058877685	-1.725720588350
0.080249105106	0.870271717707	0.485990965439	-0.172374851921
-0.977976449952	-0.025500188310	0.207151644300	1.586642904642
0.000000000000	0.000000000000	0.000000000000	1.000000000000
6	41	60
0.011145611685	-0.532779491363	0.846180707014	-1.491516317821
0.045116351759	0.845639417797	0.531844422619	-0.250251144466
-0.998919561398	0.032248855018	0.033462235518	1.663570561335
0.000000000000	0.000000000000	0.000000000000	1.000000000000
6	45	60
-0.131301182353	-0.058429172535	0.989619134470	-1.898031346795
0.050409766173	0.996576592268	0.065528247480	-0.300271444885
-0.990060025951	0.058490405541	-0.127906283945	1.819032973563
0.000000000000	0.000000000000	0.000000000000	1.000000000000
6	47	60
0.031859997630	-0.525870554155	0.849967705753	-1.530334275812
0.014566569006	0.850553400570	0.525686910477	-0.251142123883
-0.999386189428	-0.004367270483	0.034758759041	1.629308395489
0.000000000000	0.000000000000	0.000000000000	1.000000000000
7	8	60
0.873109016456	0.198568823065	-0.445253936412	-0.080841402268
-0.152732592989	0.978727827931	0.136983918300	-0.097908326472
0.462983153498	-0.051597105931	0.884864022456	0.700838858915
0.000000000000	0.000000000000	0.000000000000	1.000000000000
7	37	60
0.990880245028	-0.133783192955	-0.016074740909	-1.778417579169
0.130492599439	0.923017510572	0.361953528328	-0.354528492106
-0.033586031384	-0.360750235565	0.932057533651	0.884556142011
0.000000000000	0.000000000000	0.000000000000	1.000000000000
7	40	60
0.065698393070	-0.474987613651	0.877536602101	-1.470547511023
0.219128675521	0.864836687911	0.451708010563	-0.530606228572
-0.973481558486	0.162616942909	0.160901787332	1.714726906643
0.000000000000	0.000000000000	0.000000000000	1.000000000000
7	41	60
-0.111721285661	-0.524299266006	0.844173343571	-1.200834497280
0.190026048417	0.822543957981	0.536014494311	-0.654783404367
-0.975401689179	0.220299153096	0.007734849209	1.742045439249
0.000000000000	0.000000000000	0.000000000000	1.000000000000
7	45	60
-0.138374150779	-0.062597471255	0.988399793094	-1.544594928505
0.199259295989	0.975833022050	0.089697525267	-0.699731466635
-0.970127995348	0.209359665813	-0.122556937675	1.651506040574
0.000000000000	0.000000000000	0.000000000000	1.000000000000
7	47	60
-0.104676522068	-0.488069343936	0.866505130532	-1.284864679969
0.170092879451	0.849667368309	0.499133023943	-0.568388784180
-0.979852661418	0.199633861706	-0.005923104947	1.728207677073
0.000000000000	0.000000000000	0.000000000000	1.000000000000
7	49	60
-0.243545187170	-0.749196811976	0.615946327801	-0.561138518829
0.310532794089	0.541404326582	0.781313470352	-0.594833650783
-0.918833567955	0.381556669556	0.100793761293	1.469126301581
0.000000000000	0.000000000000	0.000000000000	1.000000000000
8	10	60
-0.693044772112	-0.319211318250	0.646369150060	-1.252790396895
0.098247549161	0.846431852122	0.523355079079	-0.930668154532
-0.714168301546	0.426212686360	-0.555253440379	2.343334921687
0.000000000000	0.000000000000	0.000000000000	1.000000000000
8	32	60
0.538379817884	0.783961891243	0.309113126174	-1.634844075210
-0.704966503960	0.619960310975	-0.344487214727	0.105224795146
-0.461702718196	-0.032449435959	0.886440993026	-0.474908844755
0.000000000000	0.000000000000	0.000000000000	1.000000000000
8	33	60
-0.993805060710	-0.047709819769	0.100375666402	-0.422891340811
0.006082755582	0.878464136322	0.477769569228	-1.940052810368
-0.110970723133	0.475420376397	-0.872731897156	4.443128288579
0.000000000000	0.000000000000	0.000000000000	1.000000000000
8	39	60
-0.429721305860	-0.382516689696	0.817936783250	-0.834727022459
0.256518873866	0.816801039679	0.516753450816	-0.881847596183
-0.865758434345	0.431876190226	-0.252874058923	1.490870383806
0.000000000000	0.000000000000	0.000000000000	1.000000000000
8	40	60
-0.480874815226	-0.456338393786	0.748675285045	-0.584413751291
0.253941511170	0.744797787034	0.617081814133	-0.791973996547
-0.839209819405	0.486858836611	-0.242271236898	1.561604945454
0.000000000000	0.000000000000	0.000000000000	1.000000000000
8	46	60
-0.408974943770	-0.325832544784	0.852392308815	-1.018935546305
0.242149992383	0.861845817897	0.445628957051	-1.034354710001
-0.879831163665	0.388657868740	-0.273572996675	1.545318759048
0.000000000000	0.000000000000	0.000000000000	1.000000000000
9	12	60
0.612099137336	0.039741821125	-0.789781763354	0.213562979987
-0.292781207319	0.939150440077	-0.179654155379	-0.536389213533
0.734584107311	0.341199411719	0.586488832570	0.701487968730
0.000000000000	0.000000000000	0.000000000000	1.000000000000
9	32	60
0.626690737558	-0.142020564751	0.766217252903	-2.033975158561
0.378513648882	0.914946810606	-0.139999112038	-0.259170143663
-0.681165278819	0.377759835014	0.627145413746	-0.402403399319
0.000000000000	0.000000000000	0.000000000000	1.000000000000
9	33	60
0.943770601162	-0.171588608940	0.282585211335	-1.792725444775
0.229733596545	0.955052912706	-0.187340354835	-0.296600247493
-0.237738358289	0.241725636234	0.940770529824	-0.378826434618
0.000000000000	0.000000000000	0.000000000000	1.000000000000
10	32	60
0.129183665398	-0.135947584696	0.982257519599	-2.319288639347
0.316469798194	0.944409955986	0.089088169054	-0.589819310014
-0.939765102260	0.299346102780	0.165025644447	0.438893247277
0.000000000000	0.000000000000	0.000000000000	1.000000000000
10	33	60
0.561778939724	-0.255817512611	0.786741268222	-2.184337554608
0.401485334140	0.915798210299	0.011097949525	-0.546143379585
-0.723335295249	0.309630486636	0.617183127113	0.517239552099
0.000000000000	0.000000000000	0.000000000000	1.000000000000
10	35	60
0.425719708444	-0.471247377301	0.772456237744	-1.833875809544
0.175536275806	0.880473136259	0.440402170979	-0.652782367927
-0.887665334300	-0.051893792631	0.457555776456	0.825106604949
0.000000000000	0.000000000000	0.000000000000	1.000000000000
10	36	60
0.023063475808	-0.466087314156	0.884438065478	-1.324213720902
0.261911252992	0.856591379017	0.444582618813	-0.704819056961
-0.964816340886	0.221390661450	0.141829487001	1.045271143422
0.000000000000	0.000000000000	0.000000000000	1.000000000000
11	32	60
-0.157295397168	-0.257086379785	0.953501311671	-2.323055922063
0.977822397090	0.094650872679	0.186827653334	0.340791215014
-0.138280576289	0.961742068140	0.236496673530	0.294864292804
0.000000000000	0.000000000000	0.000000000000	1.000000000000
11	33	60
0.467740072896	-0.336049730058	0.817489940694	-2.185027437794
0.700590412429	0.704861070398	-0.111103309806	0.142918588819
-0.538880597368	0.624693084935	0.565124987427	0.394103795478
0.000000000000	0.000000000000	0.000000000000	1.000000000000
11	35	60
-0.163543181995	0.250710494658	-0.954147722049	2.609607397595
-0.974426797497	0.110021015574	0.195928028754	0.431305638762
0.154097514394	0.961789802400	0.226305837435	1.476672522259
0.000000000000	0.000000000000	0.000000000000	1.000000000000
11	36	60
0.263242287050	0.146214659938	-0.953585219856	2.110099228140
-0.958416548307	0.152532166763	-0.241188013868	0.431865425714
0.110187196349	0.977422739311	0.180287466117	1.282876747521
0.000000000000	0.000000000000	0.000000000000	1.000000000000
12	13	60
0.741909904728	0.039732210579	-0.669321331431	0.029396353302
-0.010405907279	0.998804800309	0.047756549020	-0.037436478494
0.670418832045	-0.028466161019	0.741436623938	0.648195676574
0.000000000000	0.000000000000	0.000000000000	1.000000000000
12	14	60
-0.265052938801	0.891090370728	0.368381447455	-1.133632546763
0.300223106692	0.439321613938	-0.846677391771	1.119270237495
-0.916304002961	-0.113817708302	-0.383969404296	1.991270819467
0.000000000000	0.000000000000	0.000000000000	1.000000000000
12	32	60
0.002809296385	0.009015068045	0.999955417207	-2.124421084051
-0.033410615074	-0.999400244800	0.009103927410	-0.299161335052
0.999437761271	-0.033434701166	-0.002506412526	2.098285365944
0.000000000000	0.000000000000	0.000000000000	1.000000000000
12	33	60
0.455864158422	-0.141692459131	0.878698535387	-2.034034057116
0.060727616212	0.989897879373	0.128118480487	-0.275444128188
-0.887975239348	-0.005043355863	0.459863608983	1.028910419482
0.000000000000	0.000000000000	0.000000000000	1.000000000000
12	35	60
-0.010057997492	-0.323449370255	0.946192021509	-1.711237986957
0.000274544529	-0.946240742689	-0.323463106861	0.499931268728
0.999949379375	-0.002993619275	0.009606088272	1.623543847147
0.000000000000	0.000000000000	0.000000000000	1.000000000000
13	17	60
0.999780105118	-0.020874739117	0.001996666286	-0.499301452116
0.019930794870	0.975518923962	0.219010484698	-0.141881753804
-0.006519572479	-0.218922530267	0.975720462487	1.412375168183
0.000000000000	0.000000000000	0.000000000000	1.000000000000
13	18	60
0.995694906898	0.025728534172	-0.089048834392	-0.771740418443
-0.006506864254	0.977736114678	0.209737337574	-0.242151780336
0.092462495612	-0.208254970132	0.973694281754	1.736416859143
0.000000000000	0.000000000000	0.000000000000	1.000000000000
13	19	60
0.999837553786	-0.000755904616	-0.018008182813	-1.059842427613
0.004894425955	0.972964210160	0.230904071732	-0.330057790758
0.017346775914	-0.230954701957	0.972809855527	1.956079521919
0.000000000000	0.000000000000	0.000000000000	1.000000000000
13	23	60
0.950614047380	-0.216126785073	0.222760287525	-1.259240402340
0.033443624028	0.784860184181	0.618769759522	-0.397134742908
-0.308568399121	-0.580761314191	0.753327179254	2.257537807259
0.000000000000	0.000000000000	0.000000000000	1.000000000000
13	54	60
0.970215484878	-0.105865472200	0.217886242563	-1.859265095697
0.008554484053	0.913863458931	0.405931520375	0.049186264805
-0.242092407367	-0.391977142481	0.887550103413	0.361271571695
0.000000000000	0.000000000000	0.000000000000	1.000000000000
13	55	60
0.937511266139	-0.103225626092	0.332290679947	-2.015285545872
0.049652514041	0.984896955074	0.165869273032	-0.266934776066
-0.344394038437	-0.139005244522	0.928477403217	0.334930465163
0.000000000000	0.000000000000	0.000000000000	1.000000000000
13	56	60
0.986193757682	-0.031016171380	0.162664899169	-1.704959613154
0.041734293444	0.997147320145	-0.062892532777	-0.366404128474
-0.160250182713	0.068812927864	0.984674900614	0.180587548669
0.000000000000	0.000000000000	0.000000000000	1.000000000000
13	57	60
0.988772700338	-0.049425335036	0.141016606553	-2.149944842445
0.058343817254	0.996502371000	-0.059824941119	-0.336960556062
-0.137566515022	0.067380715700	0.988198002981	-0.124346629181
0.000000000000	0.000000000000	0.000000000000	1.000000000000
13	58	60
0.909828759481	-0.043708795058	0.412675622803	-2.313194953870
-0.059447076439	0.970453717323	0.233849583359	-1.166073584965
-0.410703875711	-0.237295435626	0.880348341685	-0.137787925888
0.000000000000	0.000000000000	0.000000000000	1.000000000000
14	17	60
0.916298789218	-0.162092468516	0.366227471018	-0.051849128366
0.089086779564	0.974019224009	0.208206860999	-0.146354176095
-0.390461361193	-0.158153668659	0.906932931646	1.050951322235
0.000000000000	0.000000000000	0.000000000000	1.000000000000
14	18	60
0.935897306344	-0.124094850024	0.329691826069	-0.217459319710
0.056034176203	0.976424727090	0.208458445318	-0.286228931236
-0.347787870801	-0.176621687583	0.920786824623	1.488972882151
0.000000000000	0.000000000000	0.000000000000	1.000000000000
14	19	60
0.880082688949	-0.157248596934	0.448026047652	-0.424331351873
0.094075690333	0.982610961597	0.160079550969	-0.328466937019
-0.465407590291	-0.098734881943	0.879572167583	1.824697870219
0.000000000000	0.000000000000	0.000000000000	1.000000000000
14	23	60
0.811636371407	-0.421762115864	0.404182036008	-0.357870048230
0.113185381021	0.792328322406	0.599503877416	-0.464066981892
-0.573092898344	-0.440831653963	0.690819790345	2.165867388622
0.000000000000	0.000000000000	0.000000000000	1.000000000000
14	24	60
0.975665178796	0.134099414067	-0.173478546315	-0.361807693552
0.002997420293	0.782948499543	0.622079305663	-0.336702443347
0.219245237932	-0.607461105101	0.763493635490	1.984705498783
0.000000000000	0.000000000000	0.000000000000	1.000000000000
14	25	60
0.805240504369	0.184160921932	-0.563624418347	-0.476754087699
0.008345657684	0.946931360100	0.321327479772	-0.363663831025
0.592889601968	-0.263449718337	0.760970541997	1.852255485591
0.000000000000	0.000000000000	0.000000000000	1.000000000000
14	54	60
0.711684060114	-0.301175021519	0.634664797348	-1.956184471287
0.049003565347	0.922520577532	0.382824286866	0.012940886859
-0.700788448224	-0.241349104916	0.671301840004	0.904141764141
0.000000000000	0.000000000000	0.000000000000	1.000000000000
14	55	60
0.701524812814	-0.120044085032	0.702461639276	-1.954555411552
0.061707956349	0.992240554905	0.107938914781	-0.172453807261
-0.709968355020	-0.032374354814	0.703489044706	0.758051740563
0.000000000000	0.000000000000	0.000000000000	1.000000000000
14	56	60
0.759503045131	-0.053300305197	0.648316436551	-1.901585959993
0.165606777680	0.979642410822	-0.113468683368	-0.319203380602
-0.629070361425	0.193545406519	0.752868285952	0.634585108152
0.000000000000	0.000000000000	0.000000000000	1.000000000000
14	57	60
0.824427089611	-0.072214128819	0.561342224953	-2.277989614759
0.139003399489	0.987282810897	-0.077140820832	-0.399584477853
-0.548632872553	0.141625459954	0.823980703807	0.432901361844
0.000000000000	0.000000000000	0.000000000000	1.000000000000
14	58	60
0.405922160407	0.842551972914	-0.354024536761	-0.201444104045
-0.138268196582	-0.326297071544	-0.935100062515	1.857440712600
-0.903387572144	0.428528171816	-0.015953070394	2.858220216217
0.000000000000	0.000000000000	0.000000000000	1.000000000000
15	17	60
0.895021116997	-0.228186682314	0.383233659984	-0.054416307457
0.226283923319	0.972740004849	0.050719513138	-0.362514405792
-0.384360229703	0.041324580827	0.922257823411	0.894336534723
0.000000000000	0.000000000000	0.000000000000	1.000000000000
15	18	60
0.930981659316	-0.171492864300	0.322278369601	-0.165935671486
0.175855695708	0.984289736807	0.015763511778	-0.543165800715
-0.319918621379	0.041998946546	0.946513689380	1.290408005689
0.000000000000	0.000000000000	0.000000000000	1.000000000000
15	19	60
0.874811581052	-0.198511578194	0.441925164456	-0.374246962876
0.212530288960	0.976985981183	0.018145766606	-0.695614962788
-0.435356835172	0.078048356127	0.896868373941	1.603565292179
0.000000000000	0.000000000000	0.000000000000	1.000000000000
15	23	60
0.774347061350	-0.469290266705	0.424444665598	-0.328678815770
0.279399690202	0.855432949010	0.436085178450	-0.867956811044
-0.567734481685	-0.219091568355	0.793521545380	1.876668154586
0.000000000000	0.000000000000	0.000000000000	1.000000000000
15	24	60
0.979637866978	0.096275836141	-0.176183463920	-0.316906545132
-0.004825190913	0.888563685325	0.458727909173	-0.727254660278
0.200714641011	-0.448537111616	0.870935182655	1.749641765716
0.000000000000	0.000000000000	0.000000000000	1.000000000000
15	25	60
0.822258247335	0.144426985364	-0.550483624269	-0.432436611821
-0.061941404939	0.984228361429	0.165703937532	-0.754595739286
0.565733715668	-0.102153700168	0.818235897830	1.633699640960
0.000000000000	0.000000000000	0.000000000000	1.000000000000
15	54	60
0.705735876663	-0.433631858987	0.560268045905	-1.899554692605
0.275247637716	0.896504790581	0.347156878655	-0.455018089782
-0.652821269815	-0.090788607974	0.752051739138	0.677970124442
0.000000000000	0.000000000000	0.000000000000	1.000000000000
15	55	60
0.689341113874	-0.215508355381	0.691639340613	-1.893258430569
0.252821529197	0.966266344389	0.049098127011	-0.526034703096
-0.678888873894	0.141015958184	0.720572270102	0.558732196424
0.000000000000	0.000000000000	0.000000000000	1.000000000000
15	56	60
0.762559186452	-0.061662588858	0.643972990344	-1.823923944164
0.272866107383	0.933221756275	-0.233754659967	-0.489128390386
-0.586555687551	0.353970166469	0.728462453838	0.409760210822
0.000000000000	0.000000000000	0.000000000000	1.000000000000
15	57	60
0.799022024185	-0.085962618130	0.595125392797	-2.319643932724
0.269262185543	0.936101674847	-0.226299646012	-0.505583687170
-0.537644566888	0.341063165165	0.771112337512	0.299506381535
0.000000000000	0.000000000000	0.000000000000	1.000000000000
15	58	60
0.324234350439	-0.087790993990	0.941894276110	-2.957776059929
0.234435052435	0.972081337151	0.009903542380	-0.955194234573
-0.916467289206	0.217601965378	0.335763447205	1.063672470465
0.000000000000	0.000000000000	0.000000000000	1.000000000000
16	17	60
0.897935905300	-0.153583765075	0.412459861174	0.029475541307
0.148039260645	0.987930539880	0.045580979363	-0.127807934054
-0.414482191755	0.020131454925	0.909834730729	0.513397675809
0.000000000000	0.000000000000	0.000000000000	1.000000000000
16	19	60
0.875298203607	-0.168197689192	0.453390110295	-0.280437350323
0.168428824845	0.984893291739	0.040211128418	-0.471468753116
-0.453304297050	0.041167235004	0.890404668136	1.223322468277
0.000000000000	0.000000000000	0.000000000000	1.000000000000
16	20	60
0.555021050231	-0.344385375461	0.757199014110	-0.248806875290
0.233054927083	0.938196047791	0.255878050781	-0.382317292662
-0.798521781020	0.034451256546	0.600979264334	1.181494459015
0.000000000000	0.000000000000	0.000000000000	1.000000000000
16	21	60
0.457473933260	-0.598063463508	0.658055996101	-0.156350268546
0.284627314883	0.799585315454	0.528820021305	-0.488261469951
-0.842439844743	-0.054620663921	0.536014636986	1.168178432346
0.000000000000	0.000000000000	0.000000000000	1.000000000000
16	22	60
0.472708961046	-0.610996731466	0.635003332499	-0.180345519115
0.244517102060	0.783244942219	0.571610660580	-0.539074109422
-0.846615393757	-0.114936306824	0.519646053027	1.342423907675
0.000000000000	0.000000000000	0.000000000000	1.000000000000
16	23	60
0.793328741397	-0.422955481238	0.437879171649	-0.243146714973
0.204898947409	0.862797429814	0.462165572557	-0.619640476650
-0.573276486020	-0.276928250630	0.771145131982	1.511270876414
0.000000000000	0.000000000000	0.000000000000	1.000000000000
16	25	60
0.808987958848	0.212816128437	-0.547948700076	-0.339528108791
-0.071113524159	0.960748698999	0.268150711454	-0.555516641318
0.583507796966	-0.177964133602	0.792368233860	1.280701158386
0.000000000000	0.000000000000	0.000000000000	1.000000000000
16	54	60
0.722627323503	-0.409513740096	0.556873637372	-1.767515573004
0.250528457821	0.906005241766	0.341159777399	-0.176824508306
-0.644240050873	-0.107018683256	0.757298988699	0.270560817593
0.000000000000	0.000000000000	0.000000000000	1.000000000000
16	58	60
0.467661204349	-0.112585031463	0.876708394301	-2.670075266730
0.234053694563	0.972223671827	0.000000000000	-0.671815511623
-0.852356654229	0.205196838741	0.481022235829	0.190883276070
0.000000000000	0.000000000000	0.000000000000	1.000000000000
17	23	60
0.974416704221	-0.158522429273	0.159319571782	-0.724126376507
0.087599494579	0.920696481659	0.380321334151	-0.391315895416
-0.206974430994	-0.356635147004	0.911028515929	0.776255894913
0.000000000000	0.000000000000	0.000000000000	1.000000000000
17	34	60
-0.268270880682	-0.364124261523	0.891876817026	-0.706026789256
0.200862322734	0.884322990793	0.421458390901	-0.244668129479
-0.942170399601	0.292209462758	-0.164099262614	0.782933248659
0.000000000000	0.000000000000	0.000000000000	1.000000000000
18	24	60
-0.051339616588	-0.912009998797	-0.406942263549	0.077769935792
-0.528549156510	0.370546577111	-0.763761103581	0.400370890967
0.847348825999	0.175877787924	-0.501065834790	1.672539722877
0.000000000000	0.000000000000	0.000000000000	1.000000000000
18	59	60
0.993290020771	0.048882316338	0.104811515526	-1.680336070006
-0.049144168071	0.998791691811	-0.000084339115	0.271348226830
-0.104688993605	-0.005067101534	0.994492101075	-1.471158689569
0.000000000000	0.000000000000	0.000000000000	1.000000000000
19	21	60
0.814117520468	-0.356033602734	0.458751279661	0.103098527427
0.185827466032	0.908184417133	0.375058951825	-0.009185198069
-0.550164353385	-0.220093476051	0.805529668023	0.011095942894
0.000000000000	0.000000000000	0.000000000000	1.000000000000
19	24	60
-0.502573334639	-0.864513540051	-0.006031780681	-0.168175151512
0.708992474783	-0.408150717088	-0.575102306413	0.771428241207
0.494721855199	-0.293307571005	0.818059261166	-0.086940789454
0.000000000000	0.000000000000	0.000000000000	1.000000000000
19	59	60
0.991595859908	0.122321022620	0.042133336430	-1.273068366051
-0.121634405290	0.992402526871	-0.018501246196	0.527892044699
-0.044076320893	0.013220895811	0.998940681848	-1.776650535104
0.000000000000	0.000000000000	0.000000000000	1.000000000000
20	23	60
0.932658255947	0.196235935337	-0.302721051954	-0.273540031692
-0.120521370270	0.960390246762	0.251247235273	-0.160488172689
0.340034082001	-0.197843452270	0.919366516397	0.137254741203
0.000000000000	0.000000000000	0.000000000000	1.000000000000
21	23	60
0.876523269371	0.252345216978	-0.409913222181	-0.268647965902
-0.263430054038	0.964203359268	0.030273562836	-0.038902603464
0.402879094618	0.081447979997	0.911621994949	0.051338209847
0.000000000000	0.000000000000	0.000000000000	1.000000000000
21	34	60
-0.737026535510	-0.674985421640	0.034446574960	0.142073971868
0.670479578812	-0.736625290494	-0.088545557773	-0.082692520853
0.085141178934	-0.042164700610	0.995476327027	-0.419134237305
0.000000000000	0.000000000000	0.000000000000	1.000000000000
22	59	60
0.100812263241	0.551114930930	0.828317101409	-2.202318709547
-0.984058713270	-0.067368393713	0.164590243837	0.599636926997
0.146510533471	-0.831705375980	0.535537889554	-1.381952646614
0.000000000000	0.000000000000	0.000000000000	1.000000000000
23	25	60
0.955035539471	-0.269031951424	0.124615117302	-0.231463387263
0.276217896488	0.960078867641	-0.044184177818	0.006675680006
-0.107753385130	0.076618385670	0.991220879002	-0.109262840516
0.000000000000	0.000000000000	0.000000000000	1.000000000000
23	59	60
0.250158193699	0.865714907091	0.433541898512	-0.252291667459
0.504690336853	0.265537609928	-0.821448380363	2.024154444543
-0.826261787821	0.424296449848	-0.370491539220	0.992411611372
0.000000000000	0.000000000000	0.000000000000	1.000000000000
24	26	60
0.680368301570	0.392429229239	-0.618949330929	-0.164646884270
-0.577207669272	0.807339984293	-0.122610995819	0.100412810059
0.451586404525	0.440682935682	0.775801694666	-0.225135528015
0.000000000000	0.000000000000	0.000000000000	1.000000000000
24	52	60
-0.934062181939	0.002079818285	-0.357104346974	-0.543200367255
0.279771584699	-0.617205577981	-0.735380945432	1.828277253366
-0.221936253610	-0.786799179502	0.575926514816	-1.183912533355
0.000000000000	0.000000000000	0.000000000000	1.000000000000
24	54	60
0.897957375632	0.271408300823	-0.346424718796	0.349183374638
-0.274221295801	0.960753117686	0.041906178382	0.352775200537
0.344202313295	0.057367073323	0.937141284130	-0.367085794668
0.000000000000	0.000000000000	0.000000000000	1.000000000000
24	55	60
0.883677349301	0.371986284259	-0.284148810758	0.426170420366
-0.424372926897	0.892816042729	-0.150954075011	0.312838332152
0.197539771310	0.253979759368	0.946822222269	-1.642031055104
0.000000000000	0.000000000000	0.000000000000	1.000000000000
24	56	60
0.957642354505	-0.016661075112	-0.287477876427	0.358859515359
-0.099635785764	0.917489275762	-0.385079393188	0.383575227999
0.270173705334	0.397411420871	0.876966550963	-1.810849707598
0.000000000000	0.000000000000	0.000000000000	1.000000000000
24	57	60
-0.792425028581	-0.205830534481	-0.574191923623	1.856547237388
0.319798117300	0.661402261469	-0.678436594455	1.364835335607
0.519414803650	-0.721235633895	-0.458287488537	2.001068941204
0.000000000000	0.000000000000	0.000000000000	1.000000000000
25	27	60
0.821204972974	0.298706196553	-0.486206746666	-0.140676311039
-0.335698355300	0.941897264130	0.011668679137	0.188611487681
0.461442311250	0.153636427856	0.873765896235	-0.259018773680
0.000000000000	0.000000000000	0.000000000000	1.000000000000
25	52	60
0.640260623280	0.522639192094	-0.562951693456	1.070237129519
-0.436406861739	0.850588219626	0.293340640998	0.129588137567
0.632151394292	0.057861520213	0.772681473295	-0.643709493103
0.000000000000	0.000000000000	0.000000000000	1.000000000000
25	54	60
0.970069588248	0.237659443549	0.049829537913	0.144207129293
-0.242108843057	0.930845716976	0.273696107575	0.341385511621
0.018662852682	-0.277568442154	0.960524574308	-1.677601840897
0.000000000000	0.000000000000	0.000000000000	1.000000000000
25	55	60
0.960582260963	-0.203525871653	-0.189364567675	0.467166963693
0.132373595768	0.933867265259	-0.332218545570	1.039225260218
0.244456440018	0.294056372904	0.923997780565	-1.440984064706
0.000000000000	0.000000000000	0.000000000000	1.000000000000
25	56	60
0.939561249931	0.226070740176	-0.257131635673	0.512100605763
-0.338061690108	0.731470834018	-0.592169496566	1.207248220148
0.054212095600	0.643305867700	0.763687507606	-1.548877682853
0.000000000000	0.000000000000	0.000000000000	1.000000000000
25	57	60
-0.153112823646	0.758088179529	0.633923319727	-2.468163112096
-0.976976182685	-0.212567951115	0.018231967120	0.696042471326
0.148573220001	-0.616536437055	0.773180974987	-1.339551062421
0.000000000000	0.000000000000	0.000000000000	1.000000000000
25	58	60
-0.900389339733	0.434999751924	-0.008617001891	0.035540050089
-0.349927209419	-0.735786343477	-0.579801177010	1.706302909185
-0.258553640477	-0.519031475519	0.814712429276	-0.287125359491
0.000000000000	0.000000000000	0.000000000000	1.000000000000
25	59	60
0.922074973879	-0.251876858763	0.293829526367	-1.885963598052
-0.273697612700	-0.961180426355	0.034954324412	-0.137512098260
0.273619003996	-0.112650947677	-0.955218511462	3.144207783745
0.000000000000	0.000000000000	0.000000000000	1.000000000000
26	42	60
0.997428659543	0.006545592786	-0.071366829393	-1.735231562775
-0.011224389139	0.997798795990	-0.065357293464	0.373660318689
0.070781934214	0.065990286676	0.995306585859	-0.770549049398
0.000000000000	0.000000000000	0.000000000000	1.000000000000
26	43	60
0.937118973649	-0.111479008602	-0.330727168324	-0.780404173016
0.014545705479	0.959266799688	-0.282126974018	0.223976105759
0.348706827692	0.259575880346	0.900568659606	-0.907663844924
0.000000000000	0.000000000000	0.000000000000	1.000000000000
26	59	60
0.602802788119	0.001437273496	-0.797888922645	1.802469983116
-0.205424541371	0.966567044399	-0.153456529621	0.905636480821
0.770992578718	0.256409989910	0.582944560517	-1.431492170928
0.000000000000	0.000000000000	0.000000000000	1.000000000000
27	29	60
0.835994286034	-0.045472210654	-0.546850831376	-0.201663612330
-0.083203189775	0.974534164224	-0.208231582552	0.043025749015
0.542393568296	0.219580146687	0.810921559864	0.018127023133
0.000000000000	0.000000000000	0.000000000000	1.000000000000
27	42	60
0.972217898704	-0.087611818045	0.217063416491	-1.988686396198
0.108802503478	0.990190949719	-0.087657848089	0.309063292924
-0.207254367087	0.108839572002	0.972213749589	-0.178013396865
0.000000000000	0.000000000000	0.000000000000	1.000000000000
27	43	60
0.994209042979	-0.022216792321	0.105141775705	-1.632460096875
0.052656476662	0.953606965341	-0.296413648671	0.208910293569
-0.093678569187	0.300233525430	0.949254526396	-0.455823644862
