0	1	57
0.819646542720	-0.312057484635	0.480416143869	-0.248183197051
0.223400606028	0.946333381184	0.233549354279	0.045044835474
-0.527514657837	-0.084102663103	0.845372715331	-0.024993247050
0.000000000000	0.000000000000	0.000000000000	1.000000000000
0	14	57
0.953603607608	0.069114450688	-0.293024490892	0.720056275811
-0.053628468514	0.996722439973	0.060567029149	-0.064515968080
0.296250142483	-0.042042482815	0.954184616685	0.135515316910
0.000000000000	0.000000000000	0.000000000000	1.000000000000
0	24	57
0.482389660593	-0.365378231208	0.796114918534	-1.310591919855
0.312534326382	0.920826253486	0.233240874902	-0.316467797937
-0.818304656095	0.136300253306	0.558390303249	1.118990234061
0.000000000000	0.000000000000	0.000000000000	1.000000000000
0	25	57
0.600630072856	-0.374931456321	0.706165645328	-1.273420704031
0.321857367988	0.921887602774	0.215710645366	-0.075367349757
-0.731882060343	0.097722315327	0.674387869727	0.403420441986
0.000000000000	0.000000000000	0.000000000000	1.000000000000
0	26	57
0.853915371449	-0.289934311774	0.432165053260	-1.847940678466
0.239502678409	0.956202536506	0.168271138986	0.082868050486
-0.462024896989	-0.040184624381	0.885956088373	-0.072788521451
0.000000000000	0.000000000000	0.000000000000	1.000000000000
1	2	57
0.692382323700	-0.052817018374	0.719595080860	-0.499968248013
0.448137145426	0.813113907685	-0.371508912435	-0.030077639412
-0.565490775095	0.579703489466	0.586654964680	-0.111949734415
0.000000000000	0.000000000000	0.000000000000	1.000000000000
1	14	57
0.619573162668	0.310783024359	-0.720793318416	0.661963958762
-0.372329491849	0.924759291064	0.078682927564	-0.435093834909
0.691013636336	0.219622779695	0.688669724206	0.566565775730
0.000000000000	0.000000000000	0.000000000000	1.000000000000
1	15	57
0.894245310027	-0.259256207065	0.364844548530	0.051810792188
0.267609186626	0.963107152548	0.028459373583	-0.324371403241
-0.358762663508	0.072186091524	0.930633396920	0.478611151229
0.000000000000	0.000000000000	0.000000000000	1.000000000000
1	16	57
0.505182235942	-0.276867210255	0.817395532392	-0.646471758935
0.428657485914	0.902546154984	0.040782323305	-0.094649816438
-0.749028482942	0.329780208638	0.574631486895	0.135073792307
0.000000000000	0.000000000000	0.000000000000	1.000000000000
1	23	57
0.204819602356	-0.389997892676	0.897747500247	-1.816909124597
0.564431576771	0.796394211956	0.217194047588	-0.286327300653
-0.799666133855	0.462231438645	0.383244271312	0.748691359421
0.000000000000	0.000000000000	0.000000000000	1.000000000000
1	24	57
0.896868954301	-0.173061732144	0.407032818920	-1.559500614068
0.213208950143	0.975454551740	-0.055048715408	-0.151092537165
-0.387515189882	0.136154523819	0.911753214008	0.361649489023
0.000000000000	0.000000000000	0.000000000000	1.000000000000
1	25	57
0.949147805798	-0.161606083772	0.270188668224	-1.080410617036
0.189689346595	0.978488638591	-0.081104475438	0.183611517832
-0.251269565482	0.128232046836	0.959385296754	-0.148008249059
0.000000000000	0.000000000000	0.000000000000	1.000000000000
2	15	57
0.947085137686	0.188626088740	-0.259711263946	-0.098981077772
-0.021930441106	0.845248427397	0.533923357548	0.096638497112
0.320232412049	-0.499975294019	0.804658876571	0.850714471135
0.000000000000	0.000000000000	0.000000000000	1.000000000000
2	16	57
0.961759732664	0.032345634250	0.271977897210	-0.312817879113
-0.125899443044	0.934086577030	0.334113149775	0.076702290889
-0.243243801292	-0.355578439387	0.902439153947	0.080036811822
0.000000000000	0.000000000000	0.000000000000	1.000000000000
2	23	57
0.842968061311	-0.199621387853	0.499555951943	-1.537681750752
0.020232111481	0.939712481677	0.341366538263	0.402553667602
-0.537583025471	-0.277654017245	0.796186371042	-0.359657408482
0.000000000000	0.000000000000	0.000000000000	1.000000000000
3	4	57
0.961218139971	0.059021490745	0.269399612141	0.016913215669
0.139428073034	0.738803101560	-0.659340420098	0.299648315088
-0.237948523512	0.671331841011	0.701921690364	-0.500740431701
0.000000000000	0.000000000000	0.000000000000	1.000000000000
3	12	57
0.744510082063	-0.175319321030	0.644180000760	-1.584320010006
0.362010623660	0.916746200832	-0.168892603798	-0.274796719951
-0.560939431724	0.358942250138	0.745994245958	0.655085915413
0.000000000000	0.000000000000	0.000000000000	1.000000000000
3	16	57
0.803672203793	0.300141870480	-0.513834454309	-0.014690108182
-0.375005588596	0.925895478584	-0.045698700843	-0.101744471828
0.462040904436	0.229417567596	0.856671338558	0.033061108387
0.000000000000	0.000000000000	0.000000000000	1.000000000000
3	17	57
0.969196663486	-0.048580805110	0.241449234546	-0.208523453996
0.080719457115	0.988861335300	-0.125050504966	0.395415474810
-0.232684758269	0.140688183313	0.962322523037	-0.586514991662
0.000000000000	0.000000000000	0.000000000000	1.000000000000
4	17	57
0.997405304688	0.071696640939	-0.006499989164	-0.199683478564
-0.055835670824	0.827417047010	0.558805340151	0.019796015626
0.045442667668	-0.556992479299	0.829273381919	-0.185655164627
0.000000000000	0.000000000000	0.000000000000	1.000000000000
5	6	57
0.870021428444	0.008631294382	0.492938347876	-0.060474370935
0.266590564337	0.832826873889	-0.485107069763	-0.013376562670
-0.414719405208	0.553466258127	0.722276204827	-0.105189734178
0.000000000000	0.000000000000	0.000000000000	1.000000000000
5	11	57
0.648902619521	-0.121355936218	0.751131231626	-1.786268891641
0.426047365774	0.875875365635	-0.226552391271	0.420707625892
-0.630403864595	0.467027922739	0.620061196081	-0.297513015524
0.000000000000	0.000000000000	0.000000000000	1.000000000000
5	13	57
0.566879714669	-0.337090913256	0.751676197107	-1.720926476699
0.496928563206	0.867672810222	0.014349127890	0.271797061840
-0.657045958946	0.365395143100	0.659376218279	-0.054083443832
0.000000000000	0.000000000000	0.000000000000	1.000000000000
5	17	57
0.562547416006	0.466270964175	-0.682738451175	0.230283006813
-0.472453527886	0.858976548832	0.197349822763	-0.001025943289
0.678474810684	0.211543557037	0.703506399930	-0.051791328850
0.000000000000	0.000000000000	0.000000000000	1.000000000000
5	18	57
0.885543441419	-0.208834216758	0.414971183663	0.087742047845
0.243193426291	0.969479713934	-0.031081211019	0.173605659608
-0.395815324070	0.128442026537	0.909303510964	-0.260102444900
0.000000000000	0.000000000000	0.000000000000	1.000000000000
5	22	57
0.983493802024	-0.102063575254	0.149408727949	0.353718980946
0.105495314695	0.994303542974	-0.015205361109	0.389368499070
-0.147005714033	0.030716299181	0.988658600836	-0.656882490910
0.000000000000	0.000000000000	0.000000000000	1.000000000000
5	32	57
-0.291689481735	0.754990094431	-0.587288007332	1.813113866072
-0.337084712327	0.493461442426	0.801791557423	-0.829763978496
0.895148670870	0.431839972849	0.110558106394	1.057260796056
0.000000000000	0.000000000000	0.000000000000	1.000000000000
6	18	57
0.999537297587	0.006916786117	-0.029620074321	0.247691360795
0.008537595464	0.870856549307	0.491463101353	0.058284987097
0.029194180870	-0.491488584403	0.870394549159	-0.132521868693
0.000000000000	0.000000000000	0.000000000000	1.000000000000
7	8	57
0.746209275630	0.040773079089	0.664461641470	-0.420666844756
0.331404574758	0.842900010277	-0.423899257495	0.189233587264
-0.577358402376	0.536523185610	0.615467421160	-0.308100833583
0.000000000000	0.000000000000	0.000000000000	1.000000000000
7	19	57
0.835983788418	0.102729282031	-0.539052687699	1.318475610399
-0.327999764648	0.881076360325	-0.340764730669	-0.552669421856
0.439940063978	0.461682945202	0.770260733918	0.322041754010
0.000000000000	0.000000000000	0.000000000000	1.000000000000
8	9	57
0.958542246877	-0.180017232639	0.220885845870	0.370704646215
0.101659955322	0.940203514440	0.325088610872	-0.035131373861
-0.266199200669	-0.289155922277	0.919525333080	0.208337335410
0.000000000000	0.000000000000	0.000000000000	1.000000000000
9	10	57
0.821522011334	0.244490328401	-0.515098111249	1.154036415483
-0.287651575654	0.957725967856	-0.004188259572	-0.174571937537
0.492298848179	0.151609530744	0.857120991616	-0.013642868706
0.000000000000	0.000000000000	0.000000000000	1.000000000000
9	25	57
0.242362535244	-0.360186690672	0.900847350761	-0.828927740459
0.470360866328	0.855731325765	0.215602767911	-0.203615321324
-0.848540545252	0.371469306897	0.376814937464	0.709687082127
0.000000000000	0.000000000000	0.000000000000	1.000000000000
9	26	57
0.569593512061	-0.344525236612	0.746234274444	-1.595983103455
0.401568582804	0.908821502162	0.113075861760	-0.055108724588
-0.717151242293	0.235256962799	0.656009342260	0.560428598800
0.000000000000	0.000000000000	0.000000000000	1.000000000000
10	26	57
-0.001579306110	-0.452973000780	0.891522835578	-1.977669434470
0.391549433088	0.820061773377	0.417358034898	-0.530291305854
-0.920155719017	0.349734396950	0.176066193091	1.874377893448
0.000000000000	0.000000000000	0.000000000000	1.000000000000
10	29	57
-0.555135570636	-0.233639492830	0.798271310774	-2.830866564186
0.374664401156	0.786615292812	0.490777920878	-0.531029213520
-0.742597525394	0.571532123773	-0.349141728778	2.157760681332
0.000000000000	0.000000000000	0.000000000000	1.000000000000
11	13	57
0.990368140305	-0.080665117504	0.112534818999	-0.262126681803
0.052949874691	0.971635027383	0.230481418627	-0.043755141039
-0.127934582655	-0.222302749376	0.966547582988	0.239966108797
0.000000000000	0.000000000000	0.000000000000	1.000000000000
12	16	57
0.225248914868	0.427517900166	-0.875494929391	1.564757745858
-0.338503490087	0.876949612673	0.341137456213	-0.291262154151
0.913607308174	0.219517247319	0.342248249929	0.497303803126
0.000000000000	0.000000000000	0.000000000000	1.000000000000
12	17	57
0.892336807752	0.214777719510	-0.396995658329	1.910925449020
-0.165779504387	0.974013270880	0.154322079025	0.013339098399
0.419823983898	-0.071893527881	0.904753636739	-0.157133956002
0.000000000000	0.000000000000	0.000000000000	1.000000000000
13	18	57
0.883501463788	0.271363380451	-0.381820742279	1.124594228293
-0.224769857179	0.960732281395	0.162702165901	-0.772271247629
0.410978922559	-0.057925808025	0.909802685189	1.237076234798
0.000000000000	0.000000000000	0.000000000000	1.000000000000
13	22	57
0.702583509171	0.430825293872	-0.566362056286	1.590629162335
-0.329727852616	0.902398472261	0.277410418820	-0.760838097406
0.630599679551	-0.008158640913	0.776065384313	1.091942814061
0.000000000000	0.000000000000	0.000000000000	1.000000000000
13	27	57
-0.909204875012	0.388530985698	-0.149633446820	0.431078729463
0.047429119848	0.453708182464	0.889887275870	-1.443226141814
0.413638699647	0.801992866749	-0.430941374015	2.754607705810
0.000000000000	0.000000000000	0.000000000000	1.000000000000
13	29	57
0.987774126409	-0.087922798949	0.128731723445	1.500457405811
0.104072692154	0.986729635317	-0.124633468761	-0.002595460914
-0.116065283112	0.136507172751	0.983816365916	-0.241098379600
0.000000000000	0.000000000000	0.000000000000	1.000000000000
13	32	57
-0.349259790080	-0.508751003283	0.786886278755	-1.555059142142
0.654778118604	0.468206688581	0.593336424102	-1.122991064749
-0.670285919911	0.722464472087	0.169593254999	2.520262085139
0.000000000000	0.000000000000	0.000000000000	1.000000000000
14	15	57
0.201831310205	-0.485467276425	0.850638375423	-0.468067389321
0.475480035985	0.807866309027	0.348239518318	-0.105692289422
-0.856260975171	0.334175927109	0.393882713685	0.380755044771
0.000000000000	0.000000000000	0.000000000000	1.000000000000
14	23	57
-0.642132220458	-0.217520231324	0.735085818402	-1.434349311254
0.404095752646	0.718810809500	0.565701018949	-0.598874591233
-0.651439048679	0.660299908459	-0.373672579600	1.944112103593
0.000000000000	0.000000000000	0.000000000000	1.000000000000
14	24	57
0.185277668786	-0.356896218582	0.915585754919	-1.645237790580
0.384786670145	0.883668108772	0.266589369665	-0.445111923894
-0.904218670415	0.302912136933	0.301052874710	1.543983903585
0.000000000000	0.000000000000	0.000000000000	1.000000000000
14	25	57
0.344137049644	-0.386560641810	0.855652126314	-1.791599209768
0.397050807396	0.885736505260	0.240461014711	-0.165552237490
-0.850835088257	0.256985823446	0.458298962620	0.810333124244
0.000000000000	0.000000000000	0.000000000000	1.000000000000
14	26	57
0.645757603448	-0.347627685281	0.679817703517	-2.555476502706
0.322745794508	0.931169749985	0.169581982654	-0.046335111707
-0.691977073114	0.109899450135	0.713505319633	0.605679252462
0.000000000000	0.000000000000	0.000000000000	1.000000000000
15	16	57
0.841215590167	-0.115026374244	0.528323067913	-0.411194312514
0.214680256860	0.967845253989	-0.131102828521	0.373542314693
-0.496254690834	0.223706275191	0.838860408093	-0.581024165221
0.000000000000	0.000000000000	0.000000000000	1.000000000000
15	23	57
0.627056390316	-0.287550656063	0.723957805098	-1.758000446490
0.435174122338	0.900137314230	-0.019398422063	0.596709754048
-0.646083405305	0.327211606960	0.689571459429	-0.424355364627
0.000000000000	0.000000000000	0.000000000000	1.000000000000
16	17	57
0.669074632610	-0.321394057644	0.670108197017	-0.550959089640
0.274963172330	0.944727104665	0.178566378622	0.245732384079
-0.690459549764	0.064780841483	0.720464470128	-0.495988442699
0.000000000000	0.000000000000	0.000000000000	1.000000000000
16	23	57
0.935844050599	-0.215156359962	0.279112260078	-1.214175826375
0.209595645522	0.976509331342	0.049991911152	0.409294591455
-0.283311804089	0.011716081695	0.958956284245	-0.608568376019
0.000000000000	0.000000000000	0.000000000000	1.000000000000
18	22	57
0.959402271135	0.168884442218	-0.225887864477	0.373795357308
-0.153651276319	0.984588307405	0.083529337402	0.089246755320
0.236513355705	-0.045430277328	0.970565568354	-0.286374639158
0.000000000000	0.000000000000	0.000000000000	1.000000000000
19	21	57
0.895153481456	-0.134058286839	0.425121888835	0.290459314038
0.083302878260	0.987213763616	0.135902963177	-0.042714434257
-0.437905098293	-0.086240133677	0.894875278591	0.051942166232
0.000000000000	0.000000000000	0.000000000000	1.000000000000
19	31	57
0.049648949159	0.094416310823	0.994293991784	-1.537720738665
0.213025496842	0.971612977874	-0.102899751811	-0.121077739843
-0.975784361190	0.216918836153	0.028126481818	2.262855998082
0.000000000000	0.000000000000	0.000000000000	1.000000000000
20	21	57
0.976456108094	0.066290899157	-0.205277825531	0.054033974352
-0.137835623478	0.923746639198	-0.357342255366	0.041416148879
0.165936162021	0.377223625001	0.911135295593	-0.186392789462
0.000000000000	0.000000000000	0.000000000000	1.000000000000
20	30	57
0.569714924490	-0.562828584020	0.598873016443	-2.426689027523
0.580095982652	0.791576458618	0.192081652095	0.054020155370
-0.582162825783	0.237972047038	0.777467522862	0.344551683862
0.000000000000	0.000000000000	0.000000000000	1.000000000000
20	31	57
0.742527999466	0.050558746295	0.667904172155	-2.603034742829
0.456186914682	0.691963218535	-0.559535881841	0.141387846302
-0.490454553330	0.720160202572	0.490737825880	0.283451994641
0.000000000000	0.000000000000	0.000000000000	1.000000000000
21	30	57
0.333348988980	-0.603728961402	0.724147631848	-2.355440152942
0.368108086418	0.790459378104	0.489561444847	0.089605426087
-0.867971709366	0.103369786361	0.485736347217	1.124045020326
0.000000000000	0.000000000000	0.000000000000	1.000000000000
21	31	57
0.627921462177	0.063099860284	0.775714538326	-2.489833078430
0.250667872201	0.927198555635	-0.278331558172	0.102839832983
-0.736804081954	0.369217071734	0.566390765069	0.753267377241
0.000000000000	0.000000000000	0.000000000000	1.000000000000
24	25	57
0.989818528643	0.030125335231	-0.139110547882	0.682468754347
-0.025622267381	0.999091669625	0.034049010281	0.110055459821
0.140009927395	-0.030138013605	0.989691325802	-0.314684022536
0.000000000000	0.000000000000	0.000000000000	1.000000000000
24	26	57
0.872669245400	0.181654852649	-0.453265818966	0.820437005865
-0.148363691930	0.982984240194	0.108306040680	0.426508194222
0.465227474522	-0.027267160465	0.884771099726	-1.020142944369
0.000000000000	0.000000000000	0.000000000000	1.000000000000
25	26	57
0.930322809014	0.162043720700	-0.329000461412	0.041842982238
-0.147376674396	0.986655312488	0.069220012881	0.341445881682
0.335826721497	-0.015909962946	0.941789406506	-0.692083819036
0.000000000000	0.000000000000	0.000000000000	1.000000000000
25	29	57
0.969765815736	-0.128087456252	0.207720644573	0.039642403350
0.149300885095	0.984703252947	-0.089826217467	0.809447017540
-0.193037582715	0.118123271144	0.974055123940	-1.505861736602
0.000000000000	0.000000000000	0.000000000000	1.000000000000
26	29	57
0.823318813206	-0.199183976691	0.531480832439	-0.337025966414
0.279018972063	0.957476748219	-0.073394072298	0.441014905758
-0.494261615999	0.208719956039	0.843884728444	-0.723720938907
0.000000000000	0.000000000000	0.000000000000	1.000000000000
27	28	57
0.945427606416	-0.000249171341	0.325832133069	-0.043662733465
0.137004701941	0.907607296504	-0.396835869069	0.085511945974
-0.295628741283	0.419820120107	0.858111131544	-0.279871388815
0.000000000000	0.000000000000	0.000000000000	1.000000000000
27	29	57
0.945728664823	0.120304944580	-0.301867541881	0.252183020469
-0.168510810277	0.975846767673	-0.139022274626	0.091177726266
0.277851397966	0.182345294241	0.943158944355	-0.240130070702
0.000000000000	0.000000000000	0.000000000000	1.000000000000
27	32	57
0.994535158099	0.022905020875	-0.101858624197	-0.020071357767
-0.007712637209	0.989089760818	0.147112067051	0.428228515114
0.104116927211	-0.145522524248	0.983861199766	-0.555201355914
0.000000000000	0.000000000000	0.000000000000	1.000000000000
28	29	57
0.786576171546	0.199886384763	-0.584245975205	0.265337759337
-0.034366663140	0.958862043898	0.281784515609	-0.046287965001
0.616536178031	-0.201566400867	0.761087463581	0.191933934946
0.000000000000	0.000000000000	0.000000000000	1.000000000000
28	32	57
0.912389643506	0.177978267451	-0.368603953775	0.140725890121
0.056999359542	0.836503522550	0.544988926285	0.178906005853
0.405334690638	-0.518252441458	0.753072503474	-0.340963454654
0.000000000000	0.000000000000	0.000000000000	1.000000000000
29	32	57
0.968475608173	-0.196493102292	0.153119094579	-0.388721871514
0.139526318432	0.937079092890	0.320023718078	0.211609182463
-0.206367155425	-0.288571021448	0.934954203554	-0.253596667372
0.000000000000	0.000000000000	0.000000000000	1.000000000000
30	31	57
0.973080026766	0.035632280657	-0.227696293522	-0.028023054701
-0.183146613867	0.719292861151	-0.670130657205	0.107495293391
0.139902034786	0.693792562998	0.706455448129	-0.229935216011
0.000000000000	0.000000000000	0.000000000000	1.000000000000
33	35	57
0.950144761829	-0.201123766711	0.238273292740	-0.074153322210
0.250843847849	0.946935486912	-0.200973997378	-0.068061911861
-0.185208789115	0.250723780463	0.950176452215	-0.016027692632
0.000000000000	0.000000000000	0.000000000000	1.000000000000
36	37	57
0.935247422358	-0.144438565380	0.323186880618	-0.269862073545
0.195633125971	0.971776984682	-0.131822502120	0.149750005922
-0.295025319245	0.186512715045	0.937108888087	-0.213121033521
0.000000000000	0.000000000000	0.000000000000	1.000000000000
38	39	57
0.758249920048	0.450560772114	-0.471223990667	0.551506461763
-0.390938389760	0.892635279873	0.224431353732	-0.312667634233
0.521751122815	0.014044492104	0.852982132335	0.330779995879
0.000000000000	0.000000000000	0.000000000000	1.000000000000
38	40	57
0.705501722359	-0.052890915112	-0.706731823854	0.767821218587
-0.388653817553	0.805011791746	-0.448223409977	-0.204919848673
0.592634398133	0.590896409067	0.547380949524	0.103486363170
0.000000000000	0.000000000000	0.000000000000	1.000000000000
38	41	57
0.962563733024	-0.266950455430	0.046994831773	0.225082689806
0.252769492601	0.946634724715	0.199975702462	-0.370235504309
-0.097870544485	-0.180610498893	0.978673185600	0.563522338928
0.000000000000	0.000000000000	0.000000000000	1.000000000000
38	56	57
0.255412602253	0.175038526040	-0.950855360721	2.223091966267
-0.576614722648	0.817003867047	-0.004488079185	0.032720726394
0.776066919947	0.549423512085	0.309602874879	-0.393998389338
0.000000000000	0.000000000000	0.000000000000	1.000000000000
39	40	57
0.992765881627	-0.049209711759	-0.109518530606	0.057663341204
-0.042791140905	0.707240525275	-0.705676808227	0.167967177788
0.112182095441	0.705258281538	0.700018523887	-0.291004646040
0.000000000000	0.000000000000	0.000000000000	1.000000000000
39	41	57
0.567568084338	-0.680494420360	0.463458534822	-0.099980581200
0.665655328746	0.710543525001	0.228102789092	-0.200414593802
-0.484530136270	0.179039780320	0.856256564418	0.323807900057
0.000000000000	0.000000000000	0.000000000000	1.000000000000
39	56	57
0.842645656839	0.093131511868	-0.530353484487	0.679472692065
-0.365731193134	0.821874554627	-0.436764136377	1.062679116076
0.395207529507	0.562004215246	0.726610122877	-1.357512076161
0.000000000000	0.000000000000	0.000000000000	1.000000000000
40	56	57
0.874014838876	0.133314216952	-0.467253016023	0.580846975278
-0.020181468488	0.970755457218	0.239220715264	-0.224702134213
0.485479937540	-0.199652602888	0.851145151197	-1.403056935894
0.000000000000	0.000000000000	0.000000000000	1.000000000000
41	56	57
0.061386041498	0.370205851694	-0.926919295991	1.990227218885
-0.755320983428	0.624308060832	0.199322997100	-0.000942376537
0.652473728132	0.687885944436	0.317948048502	-0.880505290126
0.000000000000	0.000000000000	0.000000000000	1.000000000000
42	43	57
0.763947591422	-0.462657291951	0.449813636705	-0.088835353768
0.518352441248	0.855166743093	-0.000766916441	-0.289208023590
-0.384310843216	0.233747880661	0.893122110393	0.234228629852
0.000000000000	0.000000000000	0.000000000000	1.000000000000
43	44	57
0.927094053752	0.131692801507	-0.350932502811	-0.078849139606
-0.358117878421	0.587640114913	-0.725555428965	-0.289380500880
0.110671589190	0.798333327237	0.591959202960	0.027099555272
0.000000000000	0.000000000000	0.000000000000	1.000000000000
44	48	57
0.990629009547	-0.046361283931	0.128470995934	0.245820613936
0.043830409718	0.998786504599	0.022459149924	-0.008025254090
-0.129356331997	-0.016617749056	0.991458919869	0.412944340679
0.000000000000	0.000000000000	0.000000000000	1.000000000000
45	47	57
0.670434687418	-0.380506412420	0.636971113956	-0.085115593226
0.473757078574	0.880236063903	0.027179078444	-0.017600430660
-0.571026759800	0.283547777123	0.770408396684	0.070005788261
0.000000000000	0.000000000000	0.000000000000	1.000000000000
46	47	57
0.947230284952	0.161303108491	-0.277012805589	-0.005556956481
-0.148885769337	0.986686970854	0.065435840607	-0.033371670229
0.283879930531	-0.020739545268	0.958635517965	0.099024663048
0.000000000000	0.000000000000	0.000000000000	1.000000000000
46	56	57
0.700567158430	-0.028012528337	0.713036433000	-0.967484068791
0.428569128018	0.815461765262	-0.389038059714	0.401026849016
-0.570556008678	0.578132690351	0.583291036541	-0.510539367203
0.000000000000	0.000000000000	0.000000000000	1.000000000000
49	50	57
0.437934301853	0.576991814579	-0.689415689675	0.202026482414
-0.591274391494	0.762524225198	0.262585985822	-0.300636945039
0.677206129051	0.292638432021	0.675095998270	0.274225585903
0.000000000000	0.000000000000	0.000000000000	1.000000000000
49	51	57
0.714121558715	0.247140112276	-0.654944397856	0.231476616479
-0.491082519670	0.843621964054	-0.217117343022	-0.257492525474
0.498867074733	0.476679920566	0.723814820984	0.135330720375
0.000000000000	0.000000000000	0.000000000000	1.000000000000
49	52	57
0.964783506495	0.179011931597	-0.192736903421	0.216385011716
-0.247675240537	0.864999266226	-0.436386577077	-0.107871690720
0.088598875948	0.468754730935	0.878873848403	0.011992910923
0.000000000000	0.000000000000	0.000000000000	1.000000000000
49	53	57
0.476815076395	0.709283571259	-0.519195722695	-0.023073173668
-0.496655975063	0.704735037231	0.506637315773	-0.330142207837
0.725244941628	0.016289347479	0.688298214295	0.414957817279
0.000000000000	0.000000000000	0.000000000000	1.000000000000
49	55	57
0.167894360782	0.855344198385	-0.490099771380	-0.024370073815
-0.611166883684	0.480396997995	0.629041941850	-0.232990172439
0.773489834391	0.193920155237	0.603413995103	0.285414317003
0.000000000000	0.000000000000	0.000000000000	1.000000000000
50	51	57
0.946337435613	-0.084710705353	0.311880673265	-0.045484875867
0.194105335066	0.920568573184	-0.338934537875	0.021139792301
-0.258396162619	0.381284143998	0.887611302699	-0.111526527877
0.000000000000	0.000000000000	0.000000000000	1.000000000000
50	52	57
0.630512164429	-0.103752180884	0.769213816483	-0.232633093448
0.403284723683	0.890546414625	-0.210448366691	0.114243848784
-0.663186129341	0.442902436616	0.603342017009	-0.148779505115
0.000000000000	0.000000000000	0.000000000000	1.000000000000
50	53	57
0.996230177639	-0.045186368244	-0.074051504284	0.061271420371
0.062853455305	0.964326154760	0.257146865432	-0.060892646479
0.059790269426	-0.260831860343	0.963530935835	0.226614364461
0.000000000000	0.000000000000	0.000000000000	1.000000000000
50	54	57
0.927139648434	0.142967488145	-0.346370278221	0.170579824968
-0.187281723841	0.977419158331	-0.097863909811	-0.121831374865
0.324557588444	0.155602333729	0.932979252460	0.079924729162
0.000000000000	0.000000000000	0.000000000000	1.000000000000
51	52	57
0.859964328689	-0.052183158044	0.507679299755	-0.147104344729
0.063315663879	0.997982619712	-0.004670916492	0.058249281828
-0.506411374369	0.036160873466	0.861533464898	-0.122406087956
0.000000000000	0.000000000000	0.000000000000	1.000000000000
51	53	57
0.943760572558	0.191540641309	-0.269496130605	0.008910007904
0.020203471513	0.780167327015	0.625244561429	0.016121438264
0.330011820126	-0.595525922681	0.732421377345	0.378685457985
0.000000000000	0.000000000000	0.000000000000	1.000000000000
51	54	57
0.751558233048	0.296855082555	-0.589098703359	0.156406424962
-0.133887935406	0.943081145173	0.304420719353	-0.065556964947
0.645936717558	-0.149916688798	0.748525713205	0.290496711620
0.000000000000	0.000000000000	0.000000000000	1.000000000000
53	54	57
0.918678231589	0.261156730333	-0.296356995879	0.091197799520
-0.352084759163	0.881501430398	-0.314629227141	-0.006696578344
0.179071575548	0.393385803517	0.901765479724	-0.149272856118
0.000000000000	0.000000000000	0.000000000000	1.000000000000
53	55	57
0.952099157091	0.271391703863	-0.140903293578	-0.104522672154
-0.263224484472	0.961889034055	0.074042939832	0.100108143632
0.155627972555	-0.033407023791	0.987250679878	-0.035547463306
0.000000000000	0.000000000000	0.000000000000	1.000000000000
