0	2	38
0.822267826259	-0.126856864887	-0.554781901048	0.385584151228
0.078945368234	0.990840412111	-0.109557777277	0.411943787916
0.563598483616	0.046288373903	0.824750953747	0.999584840786
0.000000000000	0.000000000000	0.000000000000	1.000000000000
0	6	38
0.506085353828	0.191096499759	-0.841046813453	1.135840161395
-0.314246618324	0.948970731337	0.026525722174	-0.130355140479
0.803197782313	0.250871837488	0.540311617165	2.894821862423
0.000000000000	0.000000000000	0.000000000000	1.000000000000
0	7	38
0.976056086381	-0.076507081675	0.203620192250	-0.079883552175
0.068982062067	0.996655435533	0.043811162232	0.031105151349
-0.206291035557	-0.028716010808	0.978069220133	0.462956947870
0.000000000000	0.000000000000	0.000000000000	1.000000000000
0	11	38
0.533518665011	-0.199181740860	0.822000284789	-2.966362482483
0.161412391831	0.977990319640	0.132215636193	-0.038887394984
-0.830243261850	0.062141522338	0.553926490929	1.415878955306
0.000000000000	0.000000000000	0.000000000000	1.000000000000
0	24	38
0.930083962052	-0.059842301250	0.362439957116	0.262634985931
-0.029168803695	0.971495778925	0.235255462043	0.014757701094
-0.366187116682	-0.229379272192	0.901827114842	-0.243443305022
0.000000000000	0.000000000000	0.000000000000	1.000000000000
0	26	38
-0.999646165135	-0.011989374958	-0.023744460807	0.153089357885
0.011951538678	-0.999927073016	0.001734754163	1.508586421862
-0.023763527813	0.001450357505	0.999716555434	0.287582148886
0.000000000000	0.000000000000	0.000000000000	1.000000000000
1	5	38
0.825378170924	0.049481500128	-0.562407731194	0.942453172963
0.046613612745	0.986778395175	0.155227477990	-0.106745133696
0.562652686894	-0.154337228047	0.812158835432	2.638299235630
0.000000000000	0.000000000000	0.000000000000	1.000000000000
1	7	38
0.288755102435	0.140037450503	-0.947106120387	1.670934607253
0.041998164171	0.986439999358	0.158657750749	-0.361124109236
0.956481387704	-0.085589953401	0.278958267225	2.678627831111
0.000000000000	0.000000000000	0.000000000000	1.000000000000
1	26	38
0.888134210878	0.459236799745	-0.017865755732	1.041064684289
-0.459543519440	0.887901494840	-0.021229441869	0.061633924609
0.006113690277	0.027064685868	0.999614988668	-0.435706300301
0.000000000000	0.000000000000	0.000000000000	1.000000000000
2	6	38
0.601034747565	0.141117805245	-0.786665746847	1.403747875144
-0.066073156044	0.989692375352	0.127056445021	-0.216755938475
0.796487018268	-0.024387849714	0.604163605753	1.692198237290
0.000000000000	0.000000000000	0.000000000000	1.000000000000
2	7	38
0.230007777723	0.030159908299	-0.972721338369	1.820784216904
0.011369659566	0.999368177837	0.033674559649	-0.244619418016
0.973122373100	-0.018804921101	0.229519545821	1.921188470727
0.000000000000	0.000000000000	0.000000000000	1.000000000000
2	9	38
-0.194848241914	0.139331633165	-0.970886635310	2.375202307474
0.042834794030	0.990123262098	0.133495716306	-0.465962720527
0.979897618654	-0.015576323425	-0.198892018707	1.700414242239
0.000000000000	0.000000000000	0.000000000000	1.000000000000
2	28	38
0.970660041169	0.079001361232	-0.227107616342	1.409353825297
-0.051133311170	0.990701394475	0.126079861494	-0.085688437117
0.234956312888	-0.110767919133	0.965673857534	-0.428605903335
0.000000000000	0.000000000000	0.000000000000	1.000000000000
2	30	38
-0.649895535795	0.023411487204	0.759662882350	-2.083469518366
0.161138748128	0.981046404234	0.107620892915	-0.454721889665
-0.742744974002	0.192353463725	-0.641350176259	4.536992647358
0.000000000000	0.000000000000	0.000000000000	1.000000000000
3	5	38
0.835938693849	0.049863441274	-0.546552959328	0.768372207879
0.000457020995	0.995800517404	0.091548460767	-0.139912813763
0.548822640985	-0.076778686895	0.832405395214	0.995013011503
0.000000000000	0.000000000000	0.000000000000	1.000000000000
3	6	38
0.571245844620	0.133137409499	-0.809909016616	1.193012285671
-0.042420111295	0.990226717875	0.132859253967	-0.221339520555
0.819682084202	-0.041538866124	0.571310601546	1.035969059791
0.000000000000	0.000000000000	0.000000000000	1.000000000000
3	7	38
0.266629451581	0.018795385224	-0.963615830632	1.625067452232
0.021725793817	0.999438570332	0.025505568346	-0.191490610899
0.963554215098	-0.027735854556	0.266071413233	1.118417401566
0.000000000000	0.000000000000	0.000000000000	1.000000000000
3	8	38
0.120484028328	0.031044859407	-0.992229719179	1.910221546353
-0.027507169642	0.999231513135	0.027923803025	-0.331003727192
0.992334094212	0.023929058935	0.121245394149	1.010228182215
0.000000000000	0.000000000000	0.000000000000	1.000000000000
3	30	38
0.859857317065	0.181021930536	0.477364069611	-0.757106408302
-0.206009759065	0.978549936983	0.000000000000	-0.445735375170
-0.467124580236	-0.098341656967	0.878705607724	-0.353749309786
0.000000000000	0.000000000000	0.000000000000	1.000000000000
4	7	38
0.452556619255	-0.003413482702	-0.891729137409	1.266835900333
-0.026431509968	0.999501952358	-0.017240142520	-0.142941558649
0.891343862743	0.031371888198	0.452241000995	0.371050781683
0.000000000000	0.000000000000	0.000000000000	1.000000000000
4	8	38
0.336308342459	0.013358861819	-0.941657177323	1.485255205808
-0.092325977265	0.995550389418	-0.018850359474	-0.218171361061
0.937215350234	0.093278952295	0.336045271272	0.152851149814
0.000000000000	0.000000000000	0.000000000000	1.000000000000
5	9	38
0.433147467009	0.004178631475	-0.901313381051	1.141689876914
-0.076747430362	0.996528448269	-0.032262729626	0.102928294654
0.898049610966	0.083148005563	0.431964472399	-0.944696341011
0.000000000000	0.000000000000	0.000000000000	1.000000000000
6	9	38
0.692117945476	0.006681295448	-0.721753496591	0.581896529348
-0.053641788373	0.997667980353	-0.042203785598	0.029015969550
0.719788377296	0.067926145701	0.690862309466	-0.897615347176
0.000000000000	0.000000000000	0.000000000000	1.000000000000
6	10	38
0.560080352983	0.035063022919	-0.827695948175	0.794187244767
-0.087649212213	0.996004329106	-0.017117009123	0.048732120388
0.823788573483	0.082133798321	0.560915702555	-0.759914835184
0.000000000000	0.000000000000	0.000000000000	1.000000000000
8	9	38
0.931328021557	-0.012267537662	-0.363974757067	0.153937366178
0.049021478552	0.994559580861	0.091913735412	-0.091617944528
0.360867026622	-0.103444418102	0.926862579599	-0.329155745826
0.000000000000	0.000000000000	0.000000000000	1.000000000000
8	10	38
0.861540452169	0.010232954177	-0.507585791690	0.372155485543
0.040799038867	0.995167722537	0.089312050966	-0.047020890832
0.506046922433	-0.097654957217	0.856959754964	-0.306297385187
0.000000000000	0.000000000000	0.000000000000	1.000000000000
9	11	38
0.999217471701	-0.036809460273	0.014474387110	-0.064567510130
0.035762580276	0.997116722689	0.066927417295	0.053252024335
-0.016896215546	-0.066357403266	0.997652851914	0.314198555933
0.000000000000	0.000000000000	0.000000000000	1.000000000000
9	27	38
0.197897441504	-0.105313219571	0.974548987188	-2.601707040753
0.088582503238	0.992065162194	0.089218014328	0.383231351623
-0.976211935374	0.068671972042	0.205656066017	1.786942253795
0.000000000000	0.000000000000	0.000000000000	1.000000000000
9	28	38
0.043447034161	-0.105625013804	0.993456446796	-1.885452589111
-0.007401425965	0.994334103783	0.106042015012	0.132858770807
-0.999028314972	-0.011960205389	0.042419092055	1.395833424198
0.000000000000	0.000000000000	0.000000000000	1.000000000000
10	27	38
-0.031295109913	-0.164051381645	0.985955252674	-2.291106751218
-0.001231673676	0.986444002624	0.164093609466	0.074224189737
-0.999509429208	0.003920952414	-0.031072931254	1.987315321969
0.000000000000	0.000000000000	0.000000000000	1.000000000000
10	28	38
-0.075082575911	-0.115593167891	0.990454858301	-1.802326034694
0.078633081631	0.989479217713	0.121440175340	0.123874507872
-0.994072152949	0.087000558908	-0.065203201470	1.598512085651
0.000000000000	0.000000000000	0.000000000000	1.000000000000
13	16	38
-0.883947389145	-0.325058625669	-0.336115907242	0.629290421463
-0.424000264067	0.860279764986	0.283094510767	0.172024589200
0.197131401086	0.392753887101	-0.898266995315	5.376950845454
0.000000000000	0.000000000000	0.000000000000	1.000000000000
13	17	38
0.941361483811	-0.009720348672	0.337259650148	-0.717732721283
0.014563676639	0.999823915311	-0.011833752369	0.106681531052
-0.337085235688	0.016051579177	0.941337288482	0.265655251532
0.000000000000	0.000000000000	0.000000000000	1.000000000000
13	18	38
-0.665504660785	-0.296780652188	0.684853846423	-1.573224340479
0.740400248205	-0.146447960317	0.656018648650	-1.154301715224
-0.094398193470	0.943649426114	0.317198268696	1.089356452333
0.000000000000	0.000000000000	0.000000000000	1.000000000000
14	18	38
0.805713589749	0.153278210783	-0.572128832863	0.261035138693
-0.081508482077	0.985438675373	0.149221259976	-0.123613672119
0.586670246939	-0.073596244323	0.806474806908	1.364615784879
0.000000000000	0.000000000000	0.000000000000	1.000000000000
15	18	38
0.846426880305	0.099090695193	-0.523204138386	0.264810087276
-0.077431117598	0.994993966264	0.063177758158	-0.039417424862
0.526845288795	-0.012963071575	0.849862342059	1.227086927848
0.000000000000	0.000000000000	0.000000000000	1.000000000000
17	20	38
0.357391305380	0.132382998936	-0.924524849007	0.690150631011
-0.036217573091	0.991123148629	0.127918691566	-0.250234065927
0.933252239343	-0.012232981868	0.359013386821	1.622758153761
0.000000000000	0.000000000000	0.000000000000	1.000000000000
19	21	38
0.647558259330	0.125176616844	-0.751664230471	0.882259341418
-0.048943696127	0.991210937462	0.122903995316	-0.206720433448
0.760442512872	-0.042798271586	0.647993435589	0.198965336716
0.000000000000	0.000000000000	0.000000000000	1.000000000000
20	22	38
0.857226324118	0.059117338916	-0.511535110700	1.259262883117
-0.044914142263	0.998186026441	0.040092099494	0.172344660670
0.512977337769	-0.011392842341	0.858326542803	-0.612039564848
0.000000000000	0.000000000000	0.000000000000	1.000000000000
21	23	38
0.896929404407	0.103696610531	-0.429842594997	0.028993812568
-0.046548586388	0.988854136309	0.141423923751	0.116001033299
0.439716809566	-0.106838710533	0.891759282159	-0.154661083262
0.000000000000	0.000000000000	0.000000000000	1.000000000000
21	24	38
0.724814801127	0.164172445681	-0.669097087235	0.137292742606
-0.050261539915	0.981205369502	0.186305664075	0.026318926582
0.687107911228	-0.101407252898	0.719443734692	0.471188754894
0.000000000000	0.000000000000	0.000000000000	1.000000000000
21	25	38
0.654825335209	0.207161147238	-0.726834258578	0.114346727636
-0.060540253755	0.972987806721	0.222777031240	-0.074846852795
0.753351616473	-0.101877313706	0.649678655113	0.870646917338
0.000000000000	0.000000000000	0.000000000000	1.000000000000
22	25	38
0.827037370707	0.148794590378	-0.542097184394	0.503267990695
-0.060598048364	0.982312080628	0.177174639229	-0.134770156503
0.558871240974	-0.113680016386	0.821425462161	0.991893486406
0.000000000000	0.000000000000	0.000000000000	1.000000000000
22	26	38
0.593903728626	0.214363205301	-0.775452627397	0.539346247304
-0.101452310841	0.976110991734	0.192132143173	-0.180979303683
0.798113895224	-0.035436535222	0.601463600081	1.504386540929
0.000000000000	0.000000000000	0.000000000000	1.000000000000
23	26	38
0.601896771170	0.200427932369	-0.773012885262	0.800637312904
-0.202273491208	0.974688864685	0.095221068115	-0.383771960437
0.772532013324	0.099046761605	0.627203338165	1.515348369882
0.000000000000	0.000000000000	0.000000000000	1.000000000000
23	27	38
0.307347063050	0.245422527718	-0.919405006362	0.639474363883
-0.159697823129	0.965769959190	0.204413774522	-0.562003897292
0.938101480717	0.084001004844	0.336020003962	2.040085827757
0.000000000000	0.000000000000	0.000000000000	1.000000000000
24	26	38
0.882169940750	0.138765141278	-0.450022700763	0.628433540597
-0.130543347794	0.990209570095	0.049431180834	-0.244549751819
0.452476109848	0.015140768073	0.891647983881	0.751540489516
0.000000000000	0.000000000000	0.000000000000	1.000000000000
24	27	38
0.627667380366	0.154983201152	-0.762898333322	0.733599272867
-0.135901002257	0.986748493033	0.088647217005	-0.339248573476
0.766527610208	0.048037681644	0.640412214071	1.279439572586
0.000000000000	0.000000000000	0.000000000000	1.000000000000
24	33	38
0.066451977593	-0.934039418939	-0.350933752355	-0.291378594029
-0.558706827241	0.256571233227	-0.788681103789	1.782196835555
0.826698745534	0.248478502388	-0.504804534432	2.136585259297
0.000000000000	0.000000000000	0.000000000000	1.000000000000
24	34	38
0.553490704793	0.100164347854	0.826810221954	-1.080280698085
-0.078754106025	0.994587891912	-0.067769580539	-0.561300479850
-0.829123531503	-0.027604866986	0.558383506944	2.723832409985
0.000000000000	0.000000000000	0.000000000000	1.000000000000
24	35	38
0.983431934981	0.178294657908	-0.032751247629	-0.294961233072
-0.044943793097	0.414835890293	0.908785585046	-1.935813043420
0.175618007966	-0.892256801087	0.415976100506	0.263792382352
0.000000000000	0.000000000000	0.000000000000	1.000000000000
24	36	38
0.955929340621	-0.040507212994	-0.290789032524	-0.077532775252
-0.286001071357	-0.352309344121	-0.891112514348	2.059380923120
-0.066351208906	0.935006573100	-0.348367945334	2.273304060784
0.000000000000	0.000000000000	0.000000000000	1.000000000000
24	37	38
0.402561927314	-0.302503739567	0.863964919557	-1.876084772878
0.339536712765	0.925835765575	0.165960705789	-0.516744498086
-0.850093356851	0.226538347150	0.475417355498	0.380958821964
0.000000000000	0.000000000000	0.000000000000	1.000000000000
25	27	38
0.914956666057	0.063247208753	-0.398565038384	0.271823941949
-0.062615163240	0.997930688665	0.014617864146	-0.146928309770
0.398664822338	0.011581502696	0.917023570158	0.587035692998
0.000000000000	0.000000000000	0.000000000000	1.000000000000
25	30	38
-0.035377622311	-0.948771134688	0.313977320554	-1.659810906467
0.986180934488	-0.084023978794	-0.142783526504	-0.647604837432
0.161850512180	0.304587105719	0.938632572808	-0.002236316890
0.000000000000	0.000000000000	0.000000000000	1.000000000000
25	31	38
0.109426787787	0.099983308353	-0.988953546010	3.771280881246
-0.136611606468	0.986999640486	0.084669821415	-0.531033439179
0.984562363232	0.125837386063	0.121663080579	3.345427746894
0.000000000000	0.000000000000	0.000000000000	1.000000000000
25	32	38
0.649680319198	0.049340930352	0.758604610741	-0.218837832683
-0.502971791943	0.776153290002	0.380270228823	-1.082612469000
-0.570030577563	-0.628610804084	0.529068613351	3.102631826777
0.000000000000	0.000000000000	0.000000000000	1.000000000000
25	33	38
0.518968421936	-0.138460820634	0.843504818115	-0.652910327952
0.244414706145	0.969630975906	0.008787603973	-0.719956570360
-0.819105138828	0.201604493285	0.537049718214	2.594356080526
0.000000000000	0.000000000000	0.000000000000	1.000000000000
25	34	38
0.310384343376	-0.056363066984	0.948938756752	-1.008442474508
0.323817755264	0.944808009720	-0.049798455239	-0.732408233173
-0.893758144445	0.322739878925	0.311504975544	2.763576693781
0.000000000000	0.000000000000	0.000000000000	1.000000000000
25	35	38
0.277720177286	0.026357233313	0.960300369354	-1.036001302103
0.300557944489	0.947055972743	-0.112915483866	-0.781236981793
-0.912434340176	0.319984813302	0.255094676783	2.809103877236
0.000000000000	0.000000000000	0.000000000000	1.000000000000
25	36	38
0.420785645934	0.081137812818	0.903524263928	-1.032379316403
0.276838303807	0.936995753515	-0.213071611059	-0.791159459437
-0.863886562994	0.339787600164	0.371812308905	2.726021862177
0.000000000000	0.000000000000	0.000000000000	1.000000000000
25	37	38
0.360034891759	-0.080040977683	0.929498961058	-1.046105636047
0.229468369380	0.973302914398	-0.005069938622	-0.774515186334
-0.904278244884	0.215115965738	0.368789882067	2.756144763412
0.000000000000	0.000000000000	0.000000000000	1.000000000000
28	29	38
0.272358570267	-0.014113258800	0.962092316323	-3.750439285207
0.935356072740	-0.230634395171	-0.268173065300	2.679401908100
0.225676375348	0.972938123259	-0.049614331798	2.337487690724
0.000000000000	0.000000000000	0.000000000000	1.000000000000
28	30	38
0.757674326156	-0.055060432149	0.650306054328	-1.186063313138
0.094816598474	0.995149571662	-0.026213406403	-0.696663354002
-0.645708469929	0.081521033071	0.759219924020	1.036910398482
0.000000000000	0.000000000000	0.000000000000	1.000000000000
29	31	38
0.805715677220	-0.080274970918	0.586837436201	0.155269879369
-0.038589201117	0.981553763906	0.187251387495	0.013740556705
-0.591044093989	-0.173516966334	0.787755508616	1.076374570535
0.000000000000	0.000000000000	0.000000000000	1.000000000000
30	32	38
0.629569482367	-0.077187391065	0.773100493812	-0.381942594485
0.086306134398	0.995842314096	0.029143380401	-0.025330639567
-0.772135686286	0.048375532208	0.633613675552	1.025617729217
0.000000000000	0.000000000000	0.000000000000	1.000000000000
30	33	38
0.386103605419	-0.116859766530	0.915023388143	-0.964479600335
0.109525787292	0.990734000191	0.080313403513	-0.043283018975
-0.915930187187	0.069209362317	0.395325127417	1.107317300811
0.000000000000	0.000000000000	0.000000000000	1.000000000000
30	34	38
0.158756735105	-0.026013113352	0.986974982962	-1.281487599277
0.145504187738	0.989354029675	0.002671201171	-0.032378928640
-0.976537162841	0.143184922037	0.160851632543	1.363346956201
0.000000000000	0.000000000000	0.000000000000	1.000000000000
30	35	38
0.151154867013	0.142055802067	0.978249638527	-1.312679114517
0.128363538402	0.978420364631	-0.161914767964	0.070788538805
-0.980140300257	0.150045790260	0.129658214695	1.353599553145
0.000000000000	0.000000000000	0.000000000000	1.000000000000
30	36	38
0.244344407262	0.158175030632	0.956700825924	-1.375717389283
0.152546778584	0.968051377597	-0.199012589242	0.078374127415
-0.957614374884	0.194569242219	0.212408848682	1.509850348534
0.000000000000	0.000000000000	0.000000000000	1.000000000000
30	37	38
0.202086419126	-0.046353026781	0.978270144752	-1.342865203795
0.047186247192	0.998180113023	0.037548901989	-0.060682710084
-0.978230308915	0.038572773725	0.203905870063	1.364170608928
0.000000000000	0.000000000000	0.000000000000	1.000000000000
31	35	38
0.417468429223	0.124272889368	0.900153520001	-1.451442075949
0.094627122034	0.979272942396	-0.179081579360	0.118101741724
-0.903750971439	0.159939842625	0.397055951175	0.345452959695
0.000000000000	0.000000000000	0.000000000000	1.000000000000
