1	2	60
0.877456666603	-0.112517140853	0.466272121458	-0.160847813956
0.088765541227	0.993397712073	0.072675059945	-0.017103021367
-0.471370848616	-0.022380318624	0.881651089952	0.252168105362
0.000000000000	0.000000000000	0.000000000000	1.000000000000
2	3	60
0.843564997682	-0.137768673132	0.519054801913	-0.549771394506
0.126790592965	0.990302561672	0.056788923928	-0.027183072692
-0.521845034681	0.017906117634	0.852852349900	0.132108305266
0.000000000000	0.000000000000	0.000000000000	1.000000000000
2	5	60
0.708038070829	-0.140971689818	0.691960311670	-1.040007838828
0.096775380421	0.989997063707	0.102666156036	-0.078164139978
-0.699511698259	-0.005726824662	0.714598200024	0.247801903152
0.000000000000	0.000000000000	0.000000000000	1.000000000000
2	7	60
0.843861267085	-0.105310256616	0.526125376470	-0.905116685296
0.109052419194	0.993746250725	0.023999146591	-0.148735531877
-0.525362476564	0.037123294852	0.850068308548	0.342309622132
0.000000000000	0.000000000000	0.000000000000	1.000000000000
3	4	60
0.955171125409	-0.026736774373	0.294844477786	-0.393195447749
-0.001081419366	0.995591928604	0.093784552193	0.057706972997
-0.296052278689	-0.089899146792	0.950931749228	-0.354474943664
0.000000000000	0.000000000000	0.000000000000	1.000000000000
3	5	60
0.974727602715	0.008578433555	0.223231966761	-0.474175426326
-0.018353695846	0.998959421156	0.041751847053	-0.037403421015
-0.222641510853	-0.044793809408	0.973870767753	-0.169831721963
0.000000000000	0.000000000000	0.000000000000	1.000000000000
3	6	60
0.987058931824	0.030257296730	0.157477493953	-0.461816605613
0.003596959323	0.977612776931	-0.210381368628	-0.124642025379
-0.160317581665	0.208225249134	0.964852589069	-0.013485463535
0.000000000000	0.000000000000	0.000000000000	1.000000000000
3	7	60
0.998809378026	0.029590338780	-0.038784510021	-0.322400002222
-0.029851260716	0.999535335823	-0.006165604235	-0.131050194654
0.038584045930	0.007316029852	0.999228576006	-0.016941386701
0.000000000000	0.000000000000	0.000000000000	1.000000000000
3	38	60
0.396889139570	-0.493277774908	0.774051708656	-2.207877669947
0.335912963797	0.862871998767	0.377643210579	-0.530515867897
-0.854190547621	0.110131514676	0.508162924494	1.479180160680
0.000000000000	0.000000000000	0.000000000000	1.000000000000
3	39	60
0.034633710122	-0.333505122622	0.942111903814	-2.167730423658
0.250438642619	0.915496141934	0.314876643128	-0.695911014867
-0.967512786689	0.225035880004	0.115229598214	1.662831790385
0.000000000000	0.000000000000	0.000000000000	1.000000000000
3	40	60
0.058414028272	-0.462335911335	0.884778676501	-1.892710440868
0.249628372120	0.864900710494	0.435468066361	-0.658450442276
-0.966578231254	0.195428416761	0.165934495475	1.729970808803
0.000000000000	0.000000000000	0.000000000000	1.000000000000
3	41	60
-0.166069340809	-0.504100982085	0.847527683267	-1.648561724746
0.208848507019	0.821985724463	0.529831831711	-0.783194874244
-0.963744403439	0.264993714340	-0.031225889921	1.816100760282
0.000000000000	0.000000000000	0.000000000000	1.000000000000
3	45	60
-0.144111551368	-0.010369235039	0.989507119594	-2.030326217488
0.241980577997	0.969218430418	0.045398612416	-0.717695385062
-0.959519286223	0.245983969197	-0.137166418134	1.638104610190
0.000000000000	0.000000000000	0.000000000000	1.000000000000
3	46	60
0.090411204560	-0.232409527890	0.968406745864	-2.413523825049
0.239527459343	0.948920214204	0.205370453804	-0.726477283074
-0.966670786934	0.213392217338	0.141461483340	1.517055012159
0.000000000000	0.000000000000	0.000000000000	1.000000000000
3	47	60
-0.128293309038	-0.473324687128	0.871495592307	-1.720732158676
0.209794462554	0.845917220848	0.490316570141	-0.676516472488
-0.969292066581	0.245739284666	-0.009224621085	1.746743127095
0.000000000000	0.000000000000	0.000000000000	1.000000000000
4	5	60
0.995768407604	0.014124470007	-0.090806265007	-0.099712192563
-0.019528144216	0.998073014832	-0.058897441783	-0.100260005279
0.089799387531	0.060421489655	0.994125401339	0.159430785439
0.000000000000	0.000000000000	0.000000000000	1.000000000000
4	6	60
0.989053962229	-0.025421732200	-0.145347842539	-0.142655791155
-0.020714982722	0.951368781596	-0.307357008861	-0.199225326462
0.146092947433	0.307003545480	0.940428452235	0.294738161737
0.000000000000	0.000000000000	0.000000000000	1.000000000000
4	7	60
0.937563879386	0.002972047750	-0.347800429848	0.000514673078
-0.050504909791	0.990528489345	-0.127681501723	-0.150743631825
0.344126758851	0.137275193416	0.928833836117	0.339895125067
0.000000000000	0.000000000000	0.000000000000	1.000000000000
4	38	60
0.646366472546	-0.504403561097	0.572527231424	-2.249676278811
0.411042064169	0.862335021532	0.295673353760	-0.692101326026
-0.642848974995	0.044219432302	0.764715526947	1.127796658396
0.000000000000	0.000000000000	0.000000000000	1.000000000000
4	39	60
0.342503786287	-0.371643691313	0.862885927041	-2.264170388623
0.344006410459	0.904263028213	0.252918890893	-0.823917559375
-0.874271551603	0.210212612642	0.437561323181	1.273711438134
0.000000000000	0.000000000000	0.000000000000	1.000000000000
4	40	60
0.347098349545	-0.497356634021	0.795084344166	-2.045343175487
0.333709975643	0.857804625665	0.390907759380	-0.846966582526
-0.876447595638	0.129644139020	0.463715440025	1.450158721967
0.000000000000	0.000000000000	0.000000000000	1.000000000000
4	41	60
0.146203942479	-0.545447491448	0.825294760238	-1.851173621656
0.308119226132	0.817869133556	0.485955371267	-0.949075234173
-0.940046248698	0.183240591707	0.287638550718	1.555160213347
0.000000000000	0.000000000000	0.000000000000	1.000000000000
4	46	60
0.348202346561	-0.270057597512	0.897677013115	-2.528908358297
0.318706234556	0.934666080191	0.157561589848	-0.873299898377
-0.881578959541	0.231231945384	0.411521962390	1.193773900852
0.000000000000	0.000000000000	0.000000000000	1.000000000000
4	47	60
0.195901447728	-0.517764689864	0.832791900001	-1.894685387284
0.282390530164	0.843058803611	0.457719829293	-0.875135283009
-0.939083708330	0.145504568946	0.311368285418	1.496181775209
0.000000000000	0.000000000000	0.000000000000	1.000000000000
5	6	60
0.998794756399	-0.029970884392	-0.038868762238	-0.058714110895
0.019387775447	0.968428792406	-0.248535285627	-0.111036880714
0.045090450789	0.247482161230	0.967842668578	0.144431209283
0.000000000000	0.000000000000	0.000000000000	1.000000000000
5	7	60
0.971282837863	-0.006689542019	-0.237833763162	0.057337147578
-0.012118881900	0.996916190438	-0.077532199396	-0.041135030827
0.237618984035	0.078187973942	0.968206516791	0.161122522508
0.000000000000	0.000000000000	0.000000000000	1.000000000000
5	38	60
0.546886580762	-0.535657681758	0.643417372906	-2.043380022758
0.385503280051	0.843325625790	0.374418362205	-0.624366127048
-0.743170430556	0.043275129817	0.667701261259	1.237671340445
0.000000000000	0.000000000000	0.000000000000	1.000000000000
5	39	60
0.266220728595	-0.373959884493	0.888414615175	-2.045364431812
0.293872685849	0.909285618494	0.294683743210	-0.696871277052
-0.918022531411	0.182629868287	0.351967275512	1.322844426215
0.000000000000	0.000000000000	0.000000000000	1.000000000000
5	40	60
0.271881294035	-0.494687513609	0.825448257514	-1.816166621656
0.280167206729	0.861292363536	0.423888901468	-0.687327745685
-0.920644827405	0.116016069549	0.372764501232	1.497302628222
0.000000000000	0.000000000000	0.000000000000	1.000000000000
5	45	60
0.045491227646	-0.081849943302	0.995605913496	-1.927117113832
0.292384081803	0.954084148273	0.065076775598	-0.785794606711
-0.955218350387	0.288138898442	0.067334079700	1.448539566998
0.000000000000	0.000000000000	0.000000000000	1.000000000000
5	46	60
0.259512864040	-0.289528015990	0.921317861194	-2.281274065685
0.278859462195	0.935830931742	0.215540872087	-0.805531105551
-0.924602873531	0.200982574251	0.323597792183	1.287349182433
0.000000000000	0.000000000000	0.000000000000	1.000000000000
6	7	60
0.977710767793	0.016364847325	-0.209317572876	0.168999253801
0.023781033929	0.981910268776	0.187847508626	0.027652722193
0.208605170041	-0.188638320189	0.959635069799	0.023597658751
0.000000000000	0.000000000000	0.000000000000	1.000000000000
6	46	60
0.180010808771	-0.267346719293	0.946637121821	-2.219108687317
0.098463659139	0.962421431370	0.253080809758	-0.275934525383
-0.978724177976	0.047652073642	0.199570196479	1.442514929053
0.000000000000	0.000000000000	0.000000000000	1.000000000000
7	38	60
0.356048558000	-0.528815599730	0.770443694133	-1.770875482867
0.333217144112	0.842122642092	0.424023337266	-0.496103388245
-0.873038234682	0.105752149666	0.476046976279	1.564187522200
0.000000000000	0.000000000000	0.000000000000	1.000000000000
7	46	60
0.085353334962	-0.249117701274	0.964704710843	-1.972015710599
0.211079303546	0.950781794732	0.226846878799	-0.640814899119
-0.973735249349	0.184267060861	0.133735987888	1.551043710448
0.000000000000	0.000000000000	0.000000000000	1.000000000000
8	9	60
-0.681303719208	-0.227379940467	0.695789914318	-1.989798405895
-0.203096949451	-0.854494275195	-0.478112081821	1.637782240602
0.703261595224	-0.467052348599	0.535989955457	1.523820569366
0.000000000000	0.000000000000	0.000000000000	1.000000000000
8	35	60
0.999710627030	-0.023351790793	-0.005775471371	-0.575794657324
0.023708944428	0.997093611946	0.072403141998	-0.038725353006
0.004067942585	-0.072519120815	0.997358726316	-0.265872872655
0.000000000000	0.000000000000	0.000000000000	1.000000000000
8	36	60
0.893803618716	-0.319641916170	0.314553869151	-1.560341885258
0.311971222347	0.947054320530	0.075908302533	-0.549585745295
-0.322163076094	0.030284639558	0.946199658111	0.431240106767
0.000000000000	0.000000000000	0.000000000000	1.000000000000
8	37	60
0.795772189500	-0.427334142053	0.429106226304	-1.445522818087
0.301255361599	0.894011557048	0.331645206466	-0.627011080722
-0.525349245289	-0.134643480717	0.840166235679	1.037380137568
0.000000000000	0.000000000000	0.000000000000	1.000000000000
8	38	60
-0.121314527439	-0.572144373879	0.811131062697	-0.985985050044
0.438652160054	0.702143104435	0.560873732113	-0.800161152994
-0.890430832750	0.423846524503	0.165792206555	1.416800463751
0.000000000000	0.000000000000	0.000000000000	1.000000000000
9	10	60
0.819448060194	0.154999713877	-0.551797032742	0.356301523764
-0.247422178147	0.964077646421	-0.096625863166	-0.143114172379
0.516998203484	0.215706699872	0.828361924055	0.459132843600
0.000000000000	0.000000000000	0.000000000000	1.000000000000
9	11	60
0.810974505716	-0.061294223873	-0.581861984666	0.395056852804
-0.237511381527	0.874379450023	-0.423141726876	-0.228497088468
0.534704305878	0.481355996636	0.694541366499	0.433577148623
0.000000000000	0.000000000000	0.000000000000	1.000000000000
9	32	60
0.614349936539	-0.150272828471	0.774591655324	-2.047939793871
0.383952873276	0.914563748497	-0.127095794734	-0.284136289713
-0.689314403286	0.375487985106	0.619559865117	-0.380815579503
0.000000000000	0.000000000000	0.000000000000	1.000000000000
9	33	60
0.931159411839	-0.155268176117	0.329899898802	-1.907584472973
0.220636109496	0.960285592253	-0.170796043565	-0.337391038845
-0.290278929533	0.231826173665	0.928436733587	-0.309925334478
0.000000000000	0.000000000000	0.000000000000	1.000000000000
9	35	60
0.841862544964	-0.290832826497	0.454624815004	-1.764275938687
0.227354128163	0.955099276796	0.189988083495	-0.409608716530
-0.489466603348	-0.056583023028	0.870184351567	0.089372902501
0.000000000000	0.000000000000	0.000000000000	1.000000000000
9	36	60
0.562366388689	-0.401915132651	0.722639793409	-1.443648251964
0.375975735847	0.902649229408	0.209443583584	-0.587375419734
-0.736468798339	0.153910996345	0.658729925141	0.493945122063
0.000000000000	0.000000000000	0.000000000000	1.000000000000
9	37	60
0.371582267197	-0.576392577712	0.727803692669	-1.106193443337
0.387849668072	0.808623380080	0.442380903933	-0.595285559758
-0.843504151549	0.117897521375	0.524023778823	0.989261921812
0.000000000000	0.000000000000	0.000000000000	1.000000000000
10	11	60
0.998102923553	-0.047059474107	-0.039698361324	0.097831038933
0.028025180082	0.921390429740	-0.387626450678	0.030490962792
0.054819187119	0.385778539943	0.920961331893	-0.013746654949
0.000000000000	0.000000000000	0.000000000000	1.000000000000
10	12	60
0.934932515052	-0.078509173607	-0.346031070799	0.190963580579
-0.028962161995	0.955075453541	-0.294944183221	-0.071300414766
0.353641605968	0.285774714946	0.890657300439	0.362107615445
0.000000000000	0.000000000000	0.000000000000	1.000000000000
10	32	60
0.121073138758	-0.123423844926	0.984940530984	-2.334811100170
0.339386232206	0.937590348118	0.075771528329	-0.528868247626
-0.932822748683	0.325101358994	0.155405360009	0.442875480522
0.000000000000	0.000000000000	0.000000000000	1.000000000000
10	33	60
0.583007923545	-0.258519406163	0.770239883232	-2.164285277402
0.440886640624	0.896968360671	-0.032660833942	-0.444244055247
-0.682437345991	0.358629999570	0.636917413960	0.410308950413
0.000000000000	0.000000000000	0.000000000000	1.000000000000
10	35	60
0.437545216329	-0.486053485642	0.756509215253	-1.812890249293
0.221301302843	0.873647549728	0.433319388227	-0.636422191947
-0.871538821297	-0.022180350513	0.489824575766	0.783050072831
0.000000000000	0.000000000000	0.000000000000	1.000000000000
10	36	60
0.000336787730	-0.471016526986	0.882124321102	-1.322471739763
0.307085991157	0.839550393015	0.448166633768	-0.686462189400
-0.951681711818	0.270737084446	0.144925327312	1.000754823723
0.000000000000	0.000000000000	0.000000000000	1.000000000000
11	12	60
0.953264319832	-0.020091026571	-0.301468882617	0.108859033194
0.043138591382	0.996614578640	0.069988881800	0.073467612473
0.299042134939	-0.079722846746	0.950903817028	0.387203988604
0.000000000000	0.000000000000	0.000000000000	1.000000000000
11	32	60
0.187616841074	-0.172290872453	-0.967013844893	3.150862407163
-0.980500020060	0.025761119171	-0.194823190101	0.423138911064
0.058477616295	0.984709205811	-0.164097984095	1.603043503530
0.000000000000	0.000000000000	0.000000000000	1.000000000000
11	33	60
-0.345343803441	-0.111024958551	-0.931885784849	3.032355593638
-0.917648406571	0.247986208762	0.310522530875	0.318131225245
0.196619071664	0.962380537440	-0.187522376838	1.681914908078
0.000000000000	0.000000000000	0.000000000000	1.000000000000
13	14	60
0.911493201858	0.055823256990	-0.407509394917	0.023997667088
-0.043256873463	0.998263150795	0.039994057852	-0.050218342543
0.409034211118	-0.018826729516	0.912324815179	0.449311300584
0.000000000000	0.000000000000	0.000000000000	1.000000000000
13	15	60
0.901904809113	0.173234409026	-0.395673545776	-0.026097837630
-0.080388060845	0.967365394538	0.240295553693	-0.033211001895
0.424388353954	-0.184916286411	0.886397479717	0.550256773933
0.000000000000	0.000000000000	0.000000000000	1.000000000000
13	16	60
0.901368922570	0.101531358152	-0.420981530162	-0.293620214735
-0.025050939085	0.982723942360	0.183374217283	-0.073999744776
0.432326862312	-0.154741837992	0.888340276976	0.913956993416
0.000000000000	0.000000000000	0.000000000000	1.000000000000
14	15	60
0.999214714891	0.039244878957	-0.005458298347	-0.020394287786
-0.037447930041	0.980379350184	0.193530313564	0.024661011800
0.012946276717	-0.193173935116	0.981079112361	0.119026334768
0.000000000000	0.000000000000	0.000000000000	1.000000000000
14	16	60
0.999585570395	0.017820574272	-0.022607843552	-0.104393983025
-0.014662574121	0.991023760396	0.132879325898	-0.043123791866
0.024772896028	-0.132492767590	0.990874346302	0.547550357479
0.000000000000	0.000000000000	0.000000000000	1.000000000000
15	16	60
0.999430594622	-0.030811608722	-0.013752501657	-0.084786550949
0.030054215519	0.998181984408	-0.052244331106	-0.160883672142
0.015337231282	0.051801262254	0.998539632947	0.408438584512
0.000000000000	0.000000000000	0.000000000000	1.000000000000
15	57	60
0.792315296807	-0.136347650299	0.594681249666	-2.276786629364
0.305137699050	0.932603892739	-0.192719910404	-0.631020007600
-0.528325141428	0.334154601204	0.780521138362	0.248195348116
0.000000000000	0.000000000000	0.000000000000	1.000000000000
16	24	60
0.983523797472	0.104040143384	-0.147839738810	-0.224442552707
-0.019374304585	0.873746056558	0.485996363126	-0.464486377607
0.179737520092	-0.475124696490	0.861365744999	1.350574524024
0.000000000000	0.000000000000	0.000000000000	1.000000000000
16	55	60
0.686705626567	-0.215187691633	0.694355557197	-1.817374806863
0.243199290840	0.968148540788	0.059518970972	-0.297716637329
-0.685047069460	0.127994766847	0.717166544315	0.185575573245
0.000000000000	0.000000000000	0.000000000000	1.000000000000
16	56	60
0.755207683865	-0.009199574465	0.655421026563	-1.790537209328
0.199468280675	0.955705856467	-0.216422551782	-0.275526059895
-0.624398718157	0.294179679355	0.723591429620	0.076006067103
0.000000000000	0.000000000000	0.000000000000	1.000000000000
16	57	60
0.806978421280	-0.107291392442	0.580753290733	-2.159927770516
0.241078930877	0.957543509745	-0.158086609276	-0.440936118001
-0.539135211869	0.267579864812	0.798582643983	-0.163420843667
0.000000000000	0.000000000000	0.000000000000	1.000000000000
16	58	60
0.479109494085	-0.120102432565	0.869499567780	-2.629471813528
0.286810455159	0.957640938775	-0.025760341499	-0.569871725604
-0.829574502675	0.261723590978	0.493261499041	0.124301854657
0.000000000000	0.000000000000	0.000000000000	1.000000000000
17	18	60
0.996438098957	0.037546715566	-0.075507344660	-0.291604723196
-0.038936109779	0.999096858238	-0.017013148264	-0.153558527571
0.074800362985	0.019892511374	0.997000097136	0.296202844133
0.000000000000	0.000000000000	0.000000000000	1.000000000000
17	19	60
0.999128440215	0.002555747898	0.041663270475	-0.626716938733
-0.002056569530	0.999925645687	-0.012019717958	-0.261476011291
-0.041690892000	0.011923558643	0.999059406779	0.501969863957
0.000000000000	0.000000000000	0.000000000000	1.000000000000
17	20	60
0.863482829158	-0.213955694054	0.456749783503	-0.554614750594
0.159240029784	0.974896005635	0.155629017574	-0.184735676035
-0.478581253982	-0.061650135265	0.875876272175	0.473931946901
0.000000000000	0.000000000000	0.000000000000	1.000000000000
17	21	60
0.758939648942	-0.383765626543	0.526055655942	-0.545577923330
0.189273040523	0.903004728777	0.385691814715	-0.286372811423
-0.623046005842	-0.193148656975	0.757962578834	0.534219743855
0.000000000000	0.000000000000	0.000000000000	1.000000000000
17	22	60
0.785906303204	-0.385862198161	0.483178690150	-0.619049428292
0.188199834947	0.893598916543	0.407506807893	-0.314223339903
-0.589009426674	-0.229328019185	0.774904223053	0.656599357832
0.000000000000	0.000000000000	0.000000000000	1.000000000000
17	54	60
0.966180899373	-0.114077064204	0.231259363290	-1.407106249201
0.054554129373	0.966950103158	0.249060926221	0.295353451199
-0.252028404461	-0.228021756472	0.940472095237	-1.010291565625
0.000000000000	0.000000000000	0.000000000000	1.000000000000
17	55	60
0.930340215595	-0.063753634151	0.361112942690	-1.590709667150
0.096190811734	0.992714923898	-0.072556237551	0.218456997118
-0.353856483597	0.102237732771	0.929695130144	-1.024058857504
0.000000000000	0.000000000000	0.000000000000	1.000000000000
17	56	60
0.978384072944	0.031314700919	0.204411338520	-1.336382345516
0.036364589031	0.947012747475	-0.319130808265	0.182748259140
-0.203573629122	0.319665834311	0.925403442775	-1.199068900416
0.000000000000	0.000000000000	0.000000000000	1.000000000000
17	57	60
0.989671687984	-0.009726041887	0.143022215447	-1.688510912882
0.050551754005	0.957281474502	-0.284704581526	0.239004391311
-0.134143468604	0.288994087629	0.947886041224	-1.531590479689
0.000000000000	0.000000000000	0.000000000000	1.000000000000
17	58	60
0.848900615676	-0.040421912123	0.527004567082	-2.144321214731
0.161169393555	0.969383014475	-0.185259271912	0.118227351908
-0.503380741870	0.242203716463	0.829424612876	-1.543240804889
0.000000000000	0.000000000000	0.000000000000	1.000000000000
18	19	60
0.991524106570	-0.050911327468	0.119532350540	-0.308485843146
0.052419658549	0.998579895153	-0.009506439547	-0.108820487574
-0.118878616613	0.015691708979	0.992784792783	0.221784113054
0.000000000000	0.000000000000	0.000000000000	1.000000000000
18	20	60
0.831682143657	-0.272140161220	0.483988165738	-0.226819974196
0.203877483369	0.960441177338	0.189701651674	-0.039987814260
-0.516467601789	-0.059097187109	0.854265028418	0.196431595857
0.000000000000	0.000000000000	0.000000000000	1.000000000000
18	21	60
0.728856592537	-0.454984706449	0.511621915493	-0.194476862959
0.232081490772	0.867197877207	0.440574651346	-0.151755694396
-0.644132167459	-0.202377762279	0.737656418788	0.248342464456
0.000000000000	0.000000000000	0.000000000000	1.000000000000
18	22	60
0.749002331238	-0.430391848927	0.503744344065	-0.272099718253
0.197527705048	0.870767862587	0.450273400529	-0.179267761715
-0.632438387148	-0.237752362477	0.737221473235	0.362679130051
0.000000000000	0.000000000000	0.000000000000	1.000000000000
18	23	60
0.971466614023	-0.181488335214	0.152691198240	-0.352274696449
0.104249756271	0.905008161248	0.412422376201	-0.257170094608
-0.213036631019	-0.384736549154	0.898105328783	0.493448068521
0.000000000000	0.000000000000	0.000000000000	1.000000000000
18	54	60
0.935317761284	-0.194601472694	0.295484267352	-1.268499143737
0.102186568742	0.948141843242	0.300973338127	0.310202662106
-0.338730852737	-0.251311185425	0.906699562967	-1.221957202329
0.000000000000	0.000000000000	0.000000000000	1.000000000000
18	55	60
0.896007901504	-0.097225183831	0.433263319555	-1.408775763283
0.123601339223	0.991781253157	-0.033055329809	0.271905669528
-0.426488627498	0.083169763229	0.900661002320	-1.231572386477
0.000000000000	0.000000000000	0.000000000000	1.000000000000
18	56	60
0.956862965709	-0.008565170381	0.290413330809	-1.158624088595
0.095399458439	0.953407004415	-0.286206266985	0.252057643048
-0.274430698328	0.301565451915	0.913096966388	-1.425540354384
0.000000000000	0.000000000000	0.000000000000	1.000000000000
18	57	60
0.967357344397	-0.050838634311	0.248264378239	-1.596163096379
0.121742077520	0.952446947832	-0.279327188304	0.312668529432
-0.222258036530	0.300433428277	0.927545751093	-1.677995254058
0.000000000000	0.000000000000	0.000000000000	1.000000000000
18	58	60
0.737485718854	0.041164681921	0.674107026701	-2.269783591191
0.072956926671	0.987443708322	-0.140114987587	0.102127342102
-0.671410531148	0.152513579259	0.725222384380	-1.478819010541
0.000000000000	0.000000000000	0.000000000000	1.000000000000
19	20	60
0.868916939330	-0.251550661951	0.426269418346	0.061648491933
0.196882555260	0.965818060840	0.168620084180	0.079758721499
-0.454115196816	-0.062591835142	0.888741610478	-0.021713837222
0.000000000000	0.000000000000	0.000000000000	1.000000000000
19	22	60
0.819327370399	-0.373724257092	0.434779070076	0.018732004060
0.178119848060	0.886746046371	0.426561565279	-0.055967019383
-0.544955025523	-0.272050783692	0.793103014274	0.147156640113
0.000000000000	0.000000000000	0.000000000000	1.000000000000
19	23	60
0.987895934879	-0.126249920467	0.090125353987	-0.090973965557
0.080866241170	0.914976981862	0.395319837223	-0.131693637504
-0.132371722388	-0.383246761559	0.914111397405	0.262066658309
0.000000000000	0.000000000000	0.000000000000	1.000000000000
19	54	60
0.967660617677	-0.160000830526	0.195019648313	-0.800420397035
0.102690092186	0.956001285787	0.274802268078	0.493385770137
-0.230407625664	-0.245888746804	0.941515294741	-1.519891287577
0.000000000000	0.000000000000	0.000000000000	1.000000000000
19	55	60
0.937043034710	-0.080134311732	0.339895341517	-0.946354723174
0.089243394648	0.995946590183	-0.011225240113	0.339179443107
-0.337618079513	0.040851947163	0.940396273280	-1.582352832031
0.000000000000	0.000000000000	0.000000000000	1.000000000000
19	56	60
0.977598502694	0.001206863585	0.210474965281	-0.752150979098
0.062891315817	0.952624607327	-0.297575267638	0.412214937550
-0.200862763907	0.304146183595	0.931208488514	-1.702687454350
0.000000000000	0.000000000000	0.000000000000	1.000000000000
19	57	60
0.986064218419	-0.002607404040	0.166344698136	-1.167400603732
0.048245558618	0.961391434304	-0.270922269517	0.458541230633
-0.159215964110	0.275172148828	0.948119488926	-2.002517157458
0.000000000000	0.000000000000	0.000000000000	1.000000000000
19	58	60
0.866844582555	-0.025688066431	0.497916250928	-1.471360311617
0.142218641673	0.969920458118	-0.197555467869	0.396943484917
-0.477864340222	0.242062859950	0.844423616544	-2.088520910040
0.000000000000	0.000000000000	0.000000000000	1.000000000000
20	21	60
0.990722849808	-0.080774718489	0.109287143439	-0.018946655713
0.050520392240	0.965462938823	0.255595390663	-0.129472444042
-0.126158332408	-0.247702964482	0.960586964596	0.049822698003
0.000000000000	0.000000000000	0.000000000000	1.000000000000
20	22	60
0.994798224052	-0.049113725691	0.089243125067	-0.127494242870
0.029686948439	0.977843682208	0.207220699395	-0.090423450602
-0.097443206614	-0.203493427692	0.974215195104	0.100279917672
0.000000000000	0.000000000000	0.000000000000	1.000000000000
20	23	60
0.924829645184	0.176867917811	-0.336760845464	-0.246275369822
-0.097319624403	0.965877911980	0.240018228172	-0.153850514359
0.367721386507	-0.189202533804	0.910485245958	0.153746109406
0.000000000000	0.000000000000	0.000000000000	1.000000000000
20	54	60
0.975084637965	0.118716551907	-0.187393514047	-0.071848426995
-0.095840311311	0.987291548034	0.126767637465	0.768371195269
0.200061449389	-0.105649323160	0.974070652974	-1.626874816931
0.000000000000	0.000000000000	0.000000000000	1.000000000000
20	55	60
0.973228593263	0.109203794304	-0.202239057961	0.054575093268
-0.153002745394	0.964438630032	-0.215518650709	0.747478232353
0.171511705598	0.240692044345	0.955327731531	-1.697715799709
0.000000000000	0.000000000000	0.000000000000	1.000000000000
20	56	60
0.955188254621	0.018809153501	-0.295400768414	0.132714254789
-0.149202996522	0.892515062315	-0.425623459609	0.671391615735
0.255644018243	0.450625209331	0.855326286660	-1.768359105141
0.000000000000	0.000000000000	0.000000000000	1.000000000000
20	57	60
0.902758125980	0.005206199286	-0.430117032291	0.219062763125
-0.197283668935	0.893567917819	-0.403256159551	0.941390657798
0.382239349033	0.448897841087	0.807702797023	-2.164668709951
0.000000000000	0.000000000000	0.000000000000	1.000000000000
20	58	60
0.992488289592	0.122243967399	0.004838125463	-0.373839807323
-0.105547735457	0.875589280460	-0.471384224899	1.190251221718
-0.061860088614	0.467332669924	0.881914681281	-2.323633718391
0.000000000000	0.000000000000	0.000000000000	1.000000000000
21	22	60
0.999912519771	0.013221319293	-0.000386681180	-0.136905635712
-0.013211689665	0.999735231214	0.018839286759	-0.011507794914
0.000635659024	-0.018832529982	0.999822450114	0.044962777188
0.000000000000	0.000000000000	0.000000000000	1.000000000000
21	54	60
0.918807985757	0.265410494746	-0.292145776262	0.363697842484
-0.288282105745	0.956814724336	-0.037403352817	1.154013540655
0.269602138004	0.118586898828	0.955642105922	-1.430767898747
0.000000000000	0.000000000000	0.000000000000	1.000000000000
21	55	60
0.943165197223	0.215592172851	-0.252902008204	0.210640202043
-0.292857479260	0.898909434865	-0.325877775787	1.082080973931
0.157079303505	0.381420821293	0.910957874709	-1.583205364250
0.000000000000	0.000000000000	0.000000000000	1.000000000000
21	56	60
0.956309168158	-0.032626621121	-0.290531028448	0.080694142329
-0.109523939360	0.881404437684	-0.459489634201	0.678182136386
0.271066931963	0.471234252601	0.839321748539	-1.798179074800
0.000000000000	0.000000000000	0.000000000000	1.000000000000
21	57	60
0.809133951864	0.002448767643	-0.587619138115	0.625426252835
-0.339720237980	0.817890509224	-0.464376221213	1.239994772586
0.479470966638	0.575368680463	0.662614875847	-1.918115067544
0.000000000000	0.000000000000	0.000000000000	1.000000000000
21	58	60
-0.921271210548	-0.388896806586	-0.004316299606	-0.721741203815
0.314180841154	-0.750723742350	0.581123275840	-1.131319274016
-0.229237334800	0.534016045170	0.813804096718	-0.883724504763
0.000000000000	0.000000000000	0.000000000000	1.000000000000
22	23	60
0.891474752828	0.284662547901	-0.352476948030	-0.174807018002
-0.294965553188	0.955170674933	0.025383147568	-0.033740109801
0.343901275808	0.081340122757	0.935476187258	0.005465712461
0.000000000000	0.000000000000	0.000000000000	1.000000000000
22	54	60
0.924655731186	0.203476632497	-0.321883579595	0.446117480079
-0.228765801830	0.972559217296	-0.042364805744	1.154398899152
0.304430594222	0.112808815614	0.945830949177	-1.477083815527
0.000000000000	0.000000000000	0.000000000000	1.000000000000
22	55	60
0.948586218999	0.098288581652	-0.300871301126	0.369122391836
-0.230341840595	0.866316904891	-0.443212879745	1.300230167754
0.217087129042	0.489728879092	0.844416250073	-1.490922266520
0.000000000000	0.000000000000	0.000000000000	1.000000000000
22	56	60
0.889502849220	0.055165719661	-0.453587284439	0.617076453962
-0.346404708285	0.728766514646	-0.590680239392	1.235263354006
0.297973923873	0.682536526865	0.667349556220	-1.520739799128
0.000000000000	0.000000000000	0.000000000000	1.000000000000
22	57	60
0.938080229671	-0.046486524308	-0.343284846385	0.032424751058
-0.203253194541	0.728600859882	-0.654086329079	1.706687608253
0.280523834297	0.683359195472	0.674037527408	-1.897330837521
0.000000000000	0.000000000000	0.000000000000	1.000000000000
22	58	60
0.992165695883	-0.041104899478	0.117972959408	-0.588682354629
0.107598924452	0.761000417848	-0.639766235036	1.736575914818
-0.063479944623	0.647447875334	0.759461352115	-2.109995732206
0.000000000000	0.000000000000	0.000000000000	1.000000000000
23	24	60
0.739696925094	0.509541150620	-0.439563732388	0.049341513656
-0.434075739333	0.860420610216	0.266935621523	0.141607401463
0.514224378583	-0.006647506319	0.857629931340	-0.064303827511
0.000000000000	0.000000000000	0.000000000000	1.000000000000
23	54	60
0.982459380073	-0.026204144534	0.184626404711	-0.583451628227
0.046363126493	0.993313219292	-0.105732250907	1.285662768671
-0.180621225245	0.112437499035	0.977104795711	-1.444450055376
0.000000000000	0.000000000000	0.000000000000	1.000000000000
23	55	60
0.977651960454	-0.026203519571	0.208590555355	-0.554093711235
0.114508443807	0.898475958182	-0.423826342817	1.265374861490
-0.176307857222	0.438240034834	0.881397306185	-1.556524194407
0.000000000000	0.000000000000	0.000000000000	1.000000000000
23	56	60
0.994546417246	0.080551347309	0.066248806709	-0.382312196668
-0.017280007747	0.753694354464	-0.656997885371	1.323479104393
-0.102853416452	0.652270113141	0.750975947836	-1.637285610349
0.000000000000	0.000000000000	0.000000000000	1.000000000000
23	57	60
0.990625218092	-0.106324714000	-0.085771396596	-0.332640569079
0.035306785916	0.805807859693	-0.591123611544	1.352015685707
0.131966314450	0.582553644268	0.802007570663	-2.092303200821
0.000000000000	0.000000000000	0.000000000000	1.000000000000
23	58	60
0.758843053074	-0.383881059807	0.526110779896	-0.909283900120
0.522335360752	0.841238987204	-0.139580576428	-0.193186060576
-0.389002560029	0.380726014779	0.838883013275	-0.914876497339
0.000000000000	0.000000000000	0.000000000000	1.000000000000
24	25	60
0.915088550289	0.165120215496	-0.367897077407	-0.147208402717
-0.265776715245	0.933091276000	-0.242287862442	-0.018094440807
0.303274929336	0.319493325577	0.897746251537	-0.089064053546
0.000000000000	0.000000000000	0.000000000000	1.000000000000
25	26	60
0.917209639420	0.217488663773	-0.333804072003	-0.054678152217
-0.219197029169	0.975121102789	0.033037816198	0.035556928823
0.332684745306	0.042866257425	0.942063344057	-0.133052180207
0.000000000000	0.000000000000	0.000000000000	1.000000000000
26	27	60
0.974082895914	0.089031398526	-0.207932493769	-0.111912202495
-0.098660708140	0.994455675084	-0.036386466759	0.083145329111
0.203540110439	0.055958201993	0.977466164669	-0.096603157563
0.000000000000	0.000000000000	0.000000000000	1.000000000000
26	28	60
0.916565492630	0.065654224238	-0.394458135369	-0.248539409411
-0.105204064485	0.991270670632	-0.079464220636	-0.019991332399
0.385797618623	0.114332761644	0.915471581798	-0.266734555880
0.000000000000	0.000000000000	0.000000000000	1.000000000000
26	50	60
0.980718910031	-0.191311468188	-0.039879087858	-1.819356391990
0.193292024703	0.979667970726	0.053748119221	0.147321669427
0.028785633476	-0.060420106534	0.997757885477	-0.450912756834
0.000000000000	0.000000000000	0.000000000000	1.000000000000
26	51	60
0.820327751645	-0.165718943161	0.547356932685	-1.993763498960
0.220909772552	0.974629677480	-0.035998113357	0.281789986126
-0.527504741468	0.150446746898	0.836124706056	-0.322601104413
0.000000000000	0.000000000000	0.000000000000	1.000000000000
27	28	60
0.981880514205	-0.001409373005	-0.189495829748	-0.157521125026
-0.021962182861	0.992387702731	-0.121178834753	0.037753857403
0.188224117340	0.123144878642	0.974375194941	-0.098339482249
0.000000000000	0.000000000000	0.000000000000	1.000000000000
27	50	60
0.945270801354	-0.224807106002	0.236484412168	-1.942987935209
0.214727765804	0.974311148227	0.067895309367	0.045552290234
-0.245672747167	-0.013399684021	0.969260207461	0.135149487242
0.000000000000	0.000000000000	0.000000000000	1.000000000000
27	51	60
0.674306650758	-0.246535937178	0.696082302909	-1.905541097239
0.293166634837	0.954530785148	0.054076838146	0.042712636065
-0.677763871095	0.167603734699	0.715922567847	0.204116637566
0.000000000000	0.000000000000	0.000000000000	1.000000000000
28	50	60
0.869498166872	-0.284724520915	0.403614773014	-1.693017477150
0.212814079256	0.953354162593	0.214070101457	-0.076802288958
-0.445738831017	-0.100238654505	0.889533083515	0.579323576936
0.000000000000	0.000000000000	0.000000000000	1.000000000000
28	51	60
0.549773960277	-0.235540594755	0.801417008070	-1.582555614188
0.195319362467	0.969072694785	0.150825922399	0.009248866277
-0.812156967124	0.073612094417	0.578776572010	0.572384542679
0.000000000000	0.000000000000	0.000000000000	1.000000000000
29	41	60
-0.095968315272	0.058379648204	0.993670920949	-1.086825993979
-0.427576314764	0.899066490285	-0.094116635620	0.889946616249
-0.898870723473	-0.433902365427	-0.061320141554	3.046795629968
0.000000000000	0.000000000000	0.000000000000	1.000000000000
29	42	60
-0.249414077222	0.548205187997	-0.798287974316	4.266951852193
-0.044155236397	0.817044452689	0.574881446412	-1.305745883179
0.967389752469	0.178632119688	-0.179576258547	2.933413747725
0.000000000000	0.000000000000	0.000000000000	1.000000000000
29	43	60
0.770475285027	0.111688032153	0.627609447536	-1.494423543422
0.027094580912	0.977904667407	-0.207288072857	0.502679955546
-0.636893805001	0.176715151974	0.750425236925	0.374011861416
0.000000000000	0.000000000000	0.000000000000	1.000000000000
29	45	60
-0.623255164585	0.357150098181	-0.695698790561	2.810386863757
0.107532662658	0.920308877050	0.376122715724	-1.583564516183
0.774590037555	0.159610081736	-0.611992561661	3.720574141108
0.000000000000	0.000000000000	0.000000000000	1.000000000000
29	47	60
0.696136011250	0.352244807429	-0.625554353738	2.775107872762
-0.299609961670	0.934391595670	0.192733538360	0.905649630142
0.652402118873	0.053253559318	0.755999691608	-0.718273845545
0.000000000000	0.000000000000	0.000000000000	1.000000000000
29	48	60
-0.648429668794	-0.728966932519	0.219422368781	0.084798043562
0.350339536231	-0.541639101078	-0.764126490534	2.344454899874
0.675870678445	-0.418609956256	0.606600799985	0.611597926768
0.000000000000	0.000000000000	0.000000000000	1.000000000000
29	49	60
-0.843980821781	-0.476097413860	0.247037699514	0.520949847182
0.004304304429	-0.466567284948	-0.884475235142	2.606976110124
0.536356080816	-0.745416810336	0.395823108774	0.664249094384
0.000000000000	0.000000000000	0.000000000000	1.000000000000
29	50	60
0.566926418971	-0.488088952117	0.663598983042	-1.327271590542
0.282329416966	0.871900826910	0.400098798235	-0.397517470171
-0.773876305224	-0.039473064937	0.632105482777	1.107714057082
0.000000000000	0.000000000000	0.000000000000	1.000000000000
31	32	60
0.896625505534	0.169382417849	-0.409111597672	-0.033157706814
-0.114512883804	0.981211722672	0.155275093735	0.045964745156
0.427725966326	-0.092375060570	0.899175926010	-0.111218482258
0.000000000000	0.000000000000	0.000000000000	1.000000000000
32	33	60
0.864625029887	0.111804323005	-0.489819712802	-0.114976418039
-0.052189090087	0.989637638880	0.133767120731	-0.005174314495
0.499699766428	-0.090095155642	0.861500438979	0.121143346797
0.000000000000	0.000000000000	0.000000000000	1.000000000000
32	35	60
0.949553793590	0.206508378611	-0.236012462896	-0.200837028343
-0.089240911500	0.899399873680	0.427920468006	0.015833869827
0.300638741338	-0.385271536436	0.872457557947	0.534458730578
0.000000000000	0.000000000000	0.000000000000	1.000000000000
32	36	60
0.989202375597	-0.039057166538	0.141255788747	-0.487568775889
-0.011986043910	0.939045811917	0.343583029080	-0.066917797492
-0.146065036419	-0.341566246667	0.928438207030	1.047376607348
0.000000000000	0.000000000000	0.000000000000	1.000000000000
33	34	60
0.941717473724	0.205088607789	-0.266658700659	-0.039911768095
-0.118425493684	0.944039057011	0.307840317834	0.121692879568
0.314870770520	-0.258319418150	0.913305795492	0.097884644429
0.000000000000	0.000000000000	0.000000000000	1.000000000000
33	35	60
0.971246420353	-0.044628420755	0.233856141704	0.093383044122
-0.033624572962	0.946713509966	0.320316902679	-0.006329465692
-0.235690006247	-0.318969958004	0.917991496064	0.398553057437
0.000000000000	0.000000000000	0.000000000000	1.000000000000
33	36	60
0.807437305681	-0.229940413262	0.543297711888	0.105261596169
0.093075809387	0.959033680680	0.267565492971	-0.174570723495
-0.582564924366	-0.165474486466	0.795761461261	0.988759501662
0.000000000000	0.000000000000	0.000000000000	1.000000000000
34	35	60
0.852598246102	-0.270621028218	0.447035222136	0.235407619310
0.281849068443	0.958508115551	0.042700059011	-0.054595637175
-0.440042422229	0.089590465499	0.893496622898	0.139546893616
0.000000000000	0.000000000000	0.000000000000	1.000000000000
35	36	60
0.913144946794	-0.209740113260	0.349535965295	-0.013592092539
0.240089577800	0.969690581015	-0.045356054972	-0.292170205211
-0.329428749166	0.125336594738	0.935824469248	0.468860332761
0.000000000000	0.000000000000	0.000000000000	1.000000000000
35	37	60
0.796451442900	-0.418098717369	0.436873622044	0.158066128181
0.347471369045	0.907705729581	0.235231707428	-0.462985089129
-0.494902764992	-0.035549557246	0.868220871773	1.050979383625
0.000000000000	0.000000000000	0.000000000000	1.000000000000
36	37	60
0.976028989379	-0.118330457055	0.182661749759	-0.045894610115
0.080021111082	0.975605633192	0.204426686772	-0.113726525959
-0.202395735313	-0.184909576324	0.961688314846	0.591684092386
0.000000000000	0.000000000000	0.000000000000	1.000000000000
37	38	60
0.503771447349	-0.457398446983	0.732803513592	0.084170234084
0.570277429228	0.813279230229	0.115587834101	-0.391703183328
-0.648843573251	0.359671453379	0.670550865390	0.470264600847
0.000000000000	0.000000000000	0.000000000000	1.000000000000
38	39	60
0.920455565909	-0.022792177115	0.390182095757	-0.203589611631
0.105862210885	0.975520890529	-0.192749019317	-0.112831754571
-0.376237615734	0.218722446958	0.900336463609	0.078186061565
0.000000000000	0.000000000000	0.000000000000	1.000000000000
38	40	60
0.927053442422	-0.068047277608	0.368702431379	-0.150072511105
0.091244378613	0.994773483977	-0.045827709380	-0.225839857310
-0.363656951351	0.076126759983	0.928417114313	0.339013509550
0.000000000000	0.000000000000	0.000000000000	1.000000000000
38	41	60
0.838249397875	-0.124467078589	0.530891602221	-0.139269209991
0.139098209312	0.990199408307	0.012522777425	-0.409424236028
-0.527247223917	0.063348860571	0.847347205540	0.491444606309
0.000000000000	0.000000000000	0.000000000000	1.000000000000
38	46	60
0.928123320069	0.047860432493	0.369183533957	-0.277524326619
0.066596057027	0.954358659226	-0.291143460768	-0.053791951705
-0.366267754426	0.294803203106	0.882575211246	-0.159806567926
0.000000000000	0.000000000000	0.000000000000	1.000000000000
38	47	60
0.849764201737	-0.103293351777	0.516944179699	-0.097490073258
0.121318032189	0.992613094680	-0.001085972595	-0.353866108606
-0.513013388238	0.063637471268	0.856018420210	0.444436364713
