0	3	66
0.574243471569	-0.152446924539	0.804365818865	-0.607401868674
0.232090953816	0.972515781008	0.018623771037	0.044001846679
-0.785097589168	0.175991451183	0.593842390364	0.096335145824
0.000000000000	0.000000000000	0.000000000000	1.000000000000
0	8	66
0.753123024339	-0.121313118059	0.646597894829	-0.729610278227
0.155113071695	0.987885650700	0.004677192621	-0.269143164243
-0.639332186895	0.096773284167	0.762816679335	1.012297793942
0.000000000000	0.000000000000	0.000000000000	1.000000000000
0	18	66
-0.972061746373	-0.187950698586	0.140607596305	-0.465856563630
0.055342047410	-0.765658293201	-0.640862415687	2.837817595433
0.228107910924	-0.615176326717	0.754668714086	0.880818002622
0.000000000000	0.000000000000	0.000000000000	1.000000000000
0	19	66
0.422411480202	0.299712994522	-0.855418413590	1.176493131693
-0.316227226490	0.933180862042	0.170803454135	-0.838702884690
0.849452107314	0.198357252533	0.488963718232	2.241153662755
0.000000000000	0.000000000000	0.000000000000	1.000000000000
0	21	66
-0.410687011044	0.409825748131	-0.814480837791	1.033585532459
-0.239044374940	0.813647012485	0.529939926674	-0.905642543585
0.879882927309	0.412336507289	-0.236187719806	2.601368847447
0.000000000000	0.000000000000	0.000000000000	1.000000000000
0	22	66
-0.341799215744	0.360982508995	-0.867677892029	1.229390825995
-0.213941083829	0.869152890316	0.445872701458	-0.752212766299
0.915096994185	0.338030888315	-0.219846787054	2.042394270852
0.000000000000	0.000000000000	0.000000000000	1.000000000000
0	33	66
-0.129539715316	0.537257567847	-0.833410923822	0.785629582105
-0.383566289439	0.747912442952	0.541759983096	-0.149103576781
0.914383050894	0.389847769609	0.109189526831	0.483331921693
0.000000000000	0.000000000000	0.000000000000	1.000000000000
0	39	66
0.567143454745	0.397970567345	-0.721087879018	1.638020715071
-0.210792367110	0.916488619418	0.340022335214	-0.384985363675
0.796187716376	-0.040841620971	0.603669679782	0.783991219240
0.000000000000	0.000000000000	0.000000000000	1.000000000000
0	44	66
0.699657665035	0.196018271170	-0.687063307945	2.219736084019
-0.145060120362	0.980573184467	0.132037083372	-0.329085541724
0.699597536615	0.007284728697	0.714499978649	0.415788147600
0.000000000000	0.000000000000	0.000000000000	1.000000000000
0	45	66
0.410241977971	0.039437459756	-0.911123595501	2.282498270626
-0.149801493862	0.988408346319	-0.024666847479	-0.325425040680
0.899589368516	0.146607051999	0.411394385422	0.529732379672
0.000000000000	0.000000000000	0.000000000000	1.000000000000
0	50	66
0.704986514794	-0.075865072111	0.705151405581	-0.691444888318
0.183030746045	0.980043901123	-0.077548035913	-0.203327284689
-0.685196147071	0.183734707405	0.704803374945	1.036830731293
0.000000000000	0.000000000000	0.000000000000	1.000000000000
0	51	66
0.790195287537	-0.056500182014	0.610245144993	-0.768864696186
0.130158650296	0.988497242070	-0.077019011759	-0.328791986030
-0.598874054629	0.140288744564	0.788459849860	1.347338317695
0.000000000000	0.000000000000	0.000000000000	1.000000000000
0	64	66
-0.650943765763	-0.650943765763	-0.390569363402	1.386375166499
-0.707106781187	0.707106781187	0.000000000000	-0.056132024666
0.276174245386	0.276174245386	-0.920573501884	5.237368235829
0.000000000000	0.000000000000	0.000000000000	1.000000000000
1	8	66
0.878220062704	-0.092218201077	0.469281711612	-0.403044634736
0.133278528202	0.989553395735	-0.054962813875	-0.211062565675
-0.459310739461	0.110814621683	0.881336351365	0.818876639249
0.000000000000	0.000000000000	0.000000000000	1.000000000000
1	19	66
0.678789367722	-0.693503832086	-0.241448605607	0.956296993704
0.680229863804	0.717686696721	-0.149040725105	0.726908110651
0.276644766183	-0.063073292548	0.958900116337	0.866938116800
0.000000000000	0.000000000000	0.000000000000	1.000000000000
1	20	66
-0.633107852130	0.308515717539	-0.709924291459	0.582020405623
-0.216464068260	0.809983740946	0.545040958603	-1.070533197807
0.743180835816	0.498742810910	-0.446024499150	2.907218846083
0.000000000000	0.000000000000	0.000000000000	1.000000000000
1	21	66
-0.618330853115	0.379842613968	-0.688030918418	0.901886685140
-0.183675850287	0.781361832721	0.596436810055	-1.033193688552
0.764153216382	0.495169945555	-0.413372213522	2.776193159905
0.000000000000	0.000000000000	0.000000000000	1.000000000000
1	22	66
-0.542633980731	0.310140430238	-0.780615959668	1.245776910247
-0.208177059018	0.850688553744	0.482691720073	-0.825612892099
0.813763279495	0.424431264235	-0.397048393630	2.239914638803
0.000000000000	0.000000000000	0.000000000000	1.000000000000
1	33	66
-0.031660804386	0.566222246083	-0.823644317352	1.420939472876
-0.394003693970	0.750258247002	0.530917744989	-0.292654407830
0.918563379742	0.341328186423	0.199339876968	0.601993373547
0.000000000000	0.000000000000	0.000000000000	1.000000000000
1	39	66
0.354157191908	0.476654810880	-0.804594851267	1.937558411599
-0.295244439137	0.873345065372	0.387426274212	-0.548643668944
0.887357540442	0.100342354248	0.450031118219	1.097850933983
0.000000000000	0.000000000000	0.000000000000	1.000000000000
1	44	66
0.517063684201	0.282356126341	-0.808034754449	2.520546786307
-0.170435212502	0.959083660383	0.226076028640	-0.619632040993
0.838806881719	0.020821870805	0.544030757289	0.883969278270
0.000000000000	0.000000000000	0.000000000000	1.000000000000
1	50	66
0.839539339591	-0.065110349191	0.539383295725	-0.379357013760
0.117459230422	0.991065332171	-0.063188895835	-0.305026678089
-0.530449834073	0.116405110698	0.839686145971	0.868513361380
0.000000000000	0.000000000000	0.000000000000	1.000000000000
1	51	66
0.895513282643	-0.043423030945	0.442911278918	-0.518547575181
0.101066379838	0.989068262995	-0.107375779408	-0.326201895576
-0.433406907508	0.140919876243	0.890112375492	1.156139048474
0.000000000000	0.000000000000	0.000000000000	1.000000000000
1	64	66
-0.664053795256	0.406331923295	-0.627635981376	1.711407590398
-0.209874350583	0.704391029019	0.678075243027	-1.420561033078
0.717624772408	0.582003132595	-0.382474887642	3.334201997169
0.000000000000	0.000000000000	0.000000000000	1.000000000000
2	4	66
0.625447671568	-0.198557470153	0.754579446564	-0.897645628571
0.278451527711	0.960201386257	0.021864229826	0.094832191613
-0.728889536793	0.196438868040	0.655844352173	0.591302051461
0.000000000000	0.000000000000	0.000000000000	1.000000000000
2	21	66
-0.826065426798	0.225628178580	-0.516437639681	0.040619557089
-0.134028091682	0.811420220784	0.568888122519	-0.749896628593
0.547405134511	0.539155961048	-0.640045676790	2.989796650119
0.000000000000	0.000000000000	0.000000000000	1.000000000000
2	34	66
0.123456945173	0.430783659343	-0.893970816935	0.928179424347
-0.218154913045	0.890606157683	0.399035218761	-0.219656508936
0.968073766096	0.145760456709	0.203929087325	1.116285613284
0.000000000000	0.000000000000	0.000000000000	1.000000000000
2	43	66
0.778476541942	0.095459746916	-0.620372235328	1.247853541629
-0.043304999587	0.994180673518	0.098638052561	-0.090112885488
0.626178050284	-0.049922190667	0.778080217087	0.711799896438
0.000000000000	0.000000000000	0.000000000000	1.000000000000
2	51	66
0.988659433757	-0.047914938990	0.142325973264	-0.800186919633
0.041801121815	0.998082910231	0.045641762897	-0.295420316568
-0.144240043881	-0.039174774116	0.988766983072	1.066207110932
0.000000000000	0.000000000000	0.000000000000	1.000000000000
3	8	66
0.937620881167	0.118630581835	-0.326793311211	-0.692883457758
-0.119386467179	0.992687902034	0.017821352650	-0.089895401944
0.326517923939	0.022305026548	0.944927791494	0.459646654890
0.000000000000	0.000000000000	0.000000000000	1.000000000000
3	35	66
0.035580600805	0.501559462598	-0.864391188250	0.462007591191
-0.276294656756	0.836162763345	0.473807023844	-0.511758720827
0.960414120832	0.221968328087	0.168329373052	1.646086912523
0.000000000000	0.000000000000	0.000000000000	1.000000000000
3	36	66
0.345376884894	0.416989334510	-0.840734620606	0.609144190348
-0.227967306181	0.906307271173	0.355862385667	-0.465770643635
0.910354719158	0.068753364460	0.408077517368	1.586275894134
0.000000000000	0.000000000000	0.000000000000	1.000000000000
3	37	66
0.443615195702	0.427397739145	-0.787741538016	0.667896094745
-0.264502782936	0.902247427770	0.340569900171	-0.429887110241
0.856296581776	0.057277846125	0.513298560666	1.567575559554
0.000000000000	0.000000000000	0.000000000000	1.000000000000
3	41	66
0.678464695466	0.359409727074	-0.640710781157	0.595990781617
-0.221055538339	0.931609712826	0.288509604587	-0.362193497702
0.700585545080	-0.054110914367	0.711513810808	1.045396097828
0.000000000000	0.000000000000	0.000000000000	1.000000000000
3	42	66
0.699942230850	0.026977923227	0.713689754117	0.685972956129
0.218542468287	0.943262867867	-0.249988703061	-0.269869072901
-0.679941220274	0.330949170964	0.654333694081	0.893485964611
0.000000000000	0.000000000000	0.000000000000	1.000000000000
4	6	66
0.834614232565	0.153786582178	-0.528931725217	1.073884775181
-0.107002021693	0.987209117097	0.118189367011	-0.131226917888
0.540342160259	-0.042045763909	0.840394254850	0.061945365913
0.000000000000	0.000000000000	0.000000000000	1.000000000000
4	7	66
0.809451234756	0.343039797058	-0.476563108293	0.585704143797
-0.325368926826	0.937645917567	0.122291433579	-0.206462613703
0.488798281510	0.056069875200	0.870593136366	0.218979068028
0.000000000000	0.000000000000	0.000000000000	1.000000000000
4	38	66
-0.147423105156	-0.529194087325	0.835595623497	-1.955110108395
0.976939476992	-0.209837001329	0.039467596426	-0.796385563028
0.154452861288	0.822144787014	0.547925417211	2.085775021639
0.000000000000	0.000000000000	0.000000000000	1.000000000000
4	45	66
-0.756417230082	0.132967391188	0.640431609866	-1.504966970496
0.312043049862	0.933874663242	0.174663242806	-1.148101791231
-0.574858338261	0.331960519091	-0.747890436292	5.286965251752
0.000000000000	0.000000000000	0.000000000000	1.000000000000
4	49	66
0.732972292092	0.315234747130	-0.602808985689	0.945994297396
-0.092800903977	0.924199214430	0.370464309033	0.065361125828
0.673898813804	-0.215598854933	0.706666486049	0.495902217050
0.000000000000	0.000000000000	0.000000000000	1.000000000000
5	8	66
0.913444931541	0.061623583185	-0.402269674518	-0.861969139416
0.007908638906	0.985594383625	0.168941304592	0.018688149106
0.406885500445	-0.157499984006	0.899798835610	0.550760963668
0.000000000000	0.000000000000	0.000000000000	1.000000000000
5	34	66
-0.481912566431	0.365275584992	-0.796450893228	0.165250656962
-0.092615498303	0.882636361822	0.460842079529	-0.055977549529
0.871310878957	0.295849285616	-0.391523374029	1.708970112922
0.000000000000	0.000000000000	0.000000000000	1.000000000000
5	35	66
-0.084265022359	0.446618447811	-0.890747645566	0.227219285901
-0.090415705989	0.886812275157	0.453198619527	-0.128706870451
0.992332810159	0.118726369039	-0.034345933928	1.964335510782
0.000000000000	0.000000000000	0.000000000000	1.000000000000
5	36	66
0.272872763091	0.394153986576	-0.877600757764	0.339508811472
-0.037859273047	0.915912238090	0.399589098402	-0.125301304901
0.961304910321	-0.075811654667	0.264849886557	1.856263397515
0.000000000000	0.000000000000	0.000000000000	1.000000000000
5	41	66
0.825645149932	-0.230084091914	0.515142113442	0.416085232147
0.085892746822	0.953683002627	0.288290073613	0.048818843492
-0.557613237323	-0.193778329925	0.807166300346	1.175213129327
0.000000000000	0.000000000000	0.000000000000	1.000000000000
5	42	66
0.842170413274	-0.090567728109	0.531551015079	0.317506925779
0.116417656335	0.993083376928	-0.015242564208	-0.164979051367
-0.526493992653	0.074718759996	0.846889120608	1.141713857017
0.000000000000	0.000000000000	0.000000000000	1.000000000000
5	50	66
0.940893585944	0.110528309753	-0.320160510795	-0.934394985673
-0.062966032830	0.985858594794	0.155300063683	-0.043130705368
0.332798044824	-0.125961596582	0.934547557670	0.570856079706
0.000000000000	0.000000000000	0.000000000000	1.000000000000
6	34	66
-0.116629873273	0.496690950135	-0.860055563737	0.803121468608
-0.211435337664	0.833697344008	0.510140996765	-0.394611308912
0.970408455573	0.241343818333	0.007784003176	1.331277245608
0.000000000000	0.000000000000	0.000000000000	1.000000000000
6	40	66
0.439046771396	0.404928921879	-0.802041458250	0.849643090298
-0.173930734081	0.914099575687	0.366292322431	-0.304426885569
0.881468111884	-0.021319801953	0.471762052073	1.032456296495
0.000000000000	0.000000000000	0.000000000000	1.000000000000
6	43	66
0.593224392449	0.267307143195	-0.759362700822	1.175383437631
-0.159643822413	0.963592642910	0.214483259244	-0.381660361323
0.789049219104	-0.006009136998	0.614300594257	1.024467131979
0.000000000000	0.000000000000	0.000000000000	1.000000000000
6	50	66
0.995607948230	0.093481474353	-0.005101703085	-0.509803410854
-0.093440848598	0.995595111388	0.007692983435	-0.217524966596
0.005798382084	-0.007182487988	0.999957394408	0.703934375490
0.000000000000	0.000000000000	0.000000000000	1.000000000000
6	51	66
0.994112518565	0.072419692493	-0.080595834700	-0.848922885990
-0.072425639569	0.997369733189	0.002853428086	-0.196335552651
0.080590490535	0.003000576294	0.996742779947	0.880008381341
0.000000000000	0.000000000000	0.000000000000	1.000000000000
7	34	66
-0.117854706766	0.341325511332	-0.932527299014	0.922733975364
-0.211118460741	0.908991739437	0.359392561374	-0.201798288218
0.970329461383	0.239229832901	-0.035068838340	1.128514312463
0.000000000000	0.000000000000	0.000000000000	1.000000000000
7	40	66
0.405111377865	0.188667871511	-0.894588847339	1.032822264712
-0.080679388400	0.982036145460	0.170575043010	0.017413092674
0.910700613710	0.003072990369	0.413055624485	0.923690518905
0.000000000000	0.000000000000	0.000000000000	1.000000000000
7	43	66
0.509158193379	0.054815639639	-0.858925596176	1.416742832852
-0.034921918058	0.998463706206	0.043019612140	-0.006621540804
0.859964181669	0.008091541291	0.510290244082	1.055727750006
0.000000000000	0.000000000000	0.000000000000	1.000000000000
8	9	66
0.999327286752	0.021730072296	0.029542814881	-0.554208772479
-0.016796389749	0.987290608511	-0.158035235431	-0.177321337328
-0.032601460772	0.157432710401	0.986991431802	0.355711734963
0.000000000000	0.000000000000	0.000000000000	1.000000000000
8	10	66
0.998672341463	-0.002762668481	-0.051438527003	-0.788180085412
0.004254466696	0.999572828416	0.028914705687	-0.271302465107
0.051336672180	-0.029095160331	0.998257490698	0.889338010641
0.000000000000	0.000000000000	0.000000000000	1.000000000000
8	34	66
-0.041518169724	0.436926105187	-0.898538713795	1.425762961876
-0.273961729909	0.859867978090	0.430780722410	-0.133714560346
0.960844010299	0.264050447568	0.084000886965	0.592848100687
0.000000000000	0.000000000000	0.000000000000	1.000000000000
8	35	66
0.351663036375	0.422242555986	-0.835490474369	1.593925167956
-0.246285986995	0.902786668808	0.352589624396	-0.231749202957
0.903148006396	0.081776858195	0.421469125805	0.761576735415
0.000000000000	0.000000000000	0.000000000000	1.000000000000
8	36	66
0.631262096086	0.308225424428	-0.711691825006	1.680704759569
-0.161544407182	0.949766013838	0.268044629615	-0.222883270577
0.758558877446	-0.054236580768	0.649343378155	0.676594455961
0.000000000000	0.000000000000	0.000000000000	1.000000000000
8	52	66
0.990632477264	-0.091049323050	0.101770898404	-0.769830029818
0.093911651052	0.995298710423	-0.023687102566	-0.172167430547
-0.099135749287	0.033022686192	0.994525819378	0.587863939633
0.000000000000	0.000000000000	0.000000000000	1.000000000000
8	53	66
0.983467222074	-0.069455337124	0.167236895601	-1.048208748281
0.078238655604	0.995849172431	-0.046509553184	-0.258123624036
-0.163312387389	0.058825010949	0.984819111417	0.906576814239
0.000000000000	0.000000000000	0.000000000000	1.000000000000
8	55	66
0.956739245631	0.027890357144	-0.289606878107	-0.922255533275
-0.057241338826	0.993984036864	-0.093376461640	-0.504040735219
0.285260310941	0.105914410905	0.952580018982	1.232555027494
0.000000000000	0.000000000000	0.000000000000	1.000000000000
9	12	66
0.849725253475	-0.054310070760	-0.524421023436	-0.132670227993
-0.006128029862	0.993595633509	-0.112828029857	-0.208662580125
0.527190137292	0.099086493961	0.843950487799	1.195297415630
0.000000000000	0.000000000000	0.000000000000	1.000000000000
9	36	66
0.694975465564	0.233430434212	-0.680087740404	1.982950936422
0.007879609495	0.943306746446	0.331828711632	0.093844436381
0.718990273939	-0.235971639171	0.653735704615	0.339840341312
0.000000000000	0.000000000000	0.000000000000	1.000000000000
9	37	66
0.663370130524	0.330370207612	-0.671413133511	2.319523434307
-0.044737010956	0.913166411933	0.405124306811	-0.053714379794
0.746952923402	-0.238710347577	0.620547097471	0.497308873566
0.000000000000	0.000000000000	0.000000000000	1.000000000000
9	38	66
0.835211089777	0.202787341892	-0.511174852161	2.105335341954
-0.026830692951	0.943447418750	0.330434686390	0.152855309490
0.549274566523	-0.262267539018	0.793418671666	0.188827715478
0.000000000000	0.000000000000	0.000000000000	1.000000000000
9	39	66
0.994653686556	-0.062811419539	-0.081968099871	1.938966043626
0.085180190231	0.947772789156	0.307361473396	0.141204738628
0.058381324181	-0.312700280959	0.948055987416	0.258575519418
0.000000000000	0.000000000000	0.000000000000	1.000000000000
9	50	66
0.999207625106	-0.015575926626	0.036626662960	0.599016729138
0.010990391086	0.992442138738	0.122220344301	0.093681852113
-0.038253538838	-0.121720958619	0.991826938029	-0.309508573426
0.000000000000	0.000000000000	0.000000000000	1.000000000000
9	54	66
0.996332208933	-0.070625077127	-0.048313848162	-0.502005196502
0.070404803896	0.997498935311	-0.006248011001	-0.161992397420
0.048634278361	0.002823567596	0.998812662332	0.933273285851
0.000000000000	0.000000000000	0.000000000000	1.000000000000
9	56	66
0.677915650579	0.263659482369	-0.686231774299	-0.364924026750
-0.034865777392	0.943952119116	0.328235851763	-0.115490591497
0.734312432325	-0.198590216709	0.649112607766	0.970136532419
0.000000000000	0.000000000000	0.000000000000	1.000000000000
10	13	66
-0.636747513581	0.188935307196	-0.747566755309	0.823675277079
0.197110963929	-0.897418445771	-0.394699127296	0.905957093227
-0.745452796525	-0.398677291659	0.534187743465	2.106095472753
0.000000000000	0.000000000000	0.000000000000	1.000000000000
10	37	66
0.720944172604	0.356650917356	-0.594171375226	2.484659992627
-0.226153787661	0.931542308833	0.284751455100	-0.111962166827
0.655052642400	-0.070915795168	0.752247954920	-0.161942714256
0.000000000000	0.000000000000	0.000000000000	1.000000000000
10	39	66
0.996886534978	-0.013804696565	-0.077631609106	1.962237227185
0.022896070756	0.992812571122	0.117469011090	-0.007831710063
0.075452013383	-0.118880734248	0.990037557217	0.052544286358
0.000000000000	0.000000000000	0.000000000000	1.000000000000
10	56	66
0.660086578143	0.301600312393	-0.687984709802	0.094535565654
-0.209533438697	0.953433965242	0.216931814153	-0.159635676632
0.721374692808	0.000962023121	0.692544314169	0.438156067210
0.000000000000	0.000000000000	0.000000000000	1.000000000000
11	13	66
-0.748868287961	0.141098993257	-0.647524023793	0.988823162181
0.154006173052	-0.913271686240	-0.377116594404	1.196387271072
-0.644576128901	-0.382133355276	0.662190088144	1.509577132906
0.000000000000	0.000000000000	0.000000000000	1.000000000000
11	51	66
0.988155112489	0.035309132031	0.149341015323	0.343060920255
-0.034954348649	0.999376399308	-0.005000601537	0.299533546350
-0.149424453062	-0.000278747943	0.988773105989	-1.118908227329
0.000000000000	0.000000000000	0.000000000000	1.000000000000
11	56	66
0.773866001252	0.309248498219	-0.552717629949	0.546003120767
-0.175140461840	0.943149151818	0.282480965822	-0.229010366805
0.608651978337	-0.121799194474	0.784032987503	0.650879101441
0.000000000000	0.000000000000	0.000000000000	1.000000000000
12	14	66
0.720180018909	0.069503713340	-0.690297018823	0.260757424199
0.003261143768	0.994619192460	0.103547220785	-0.027145304410
0.693779579770	-0.076823797244	0.716078207231	0.316111603483
0.000000000000	0.000000000000	0.000000000000	1.000000000000
12	15	66
0.378949720334	0.343375029919	-0.859354815130	0.350577786667
0.012272416599	0.926666996533	0.375682931908	0.001311744780
0.925335883477	-0.152911302278	0.346946157763	0.582108296610
0.000000000000	0.000000000000	0.000000000000	1.000000000000
12	51	66
0.883212510545	-0.124068713269	0.452263878288	-0.263980835109
-0.000278165877	0.964232092442	0.265059228339	0.071914838892
-0.468972903098	-0.234229430883	0.851587335432	-1.329607079930
0.000000000000	0.000000000000	0.000000000000	1.000000000000
12	52	66
0.802759016737	-0.210836491674	0.557786639161	-0.530028010127
0.078369316156	0.964596387855	0.251817510954	0.149677865337
-0.591131297879	-0.158435420019	0.790861559536	-0.794680024756
0.000000000000	0.000000000000	0.000000000000	1.000000000000
12	57	66
0.723262677878	0.240500034227	-0.647341356879	-0.230743880905
0.071187759927	0.906437922278	0.416296283785	0.051336956820
0.686894025032	-0.347174346106	0.638472060298	0.171514841723
0.000000000000	0.000000000000	0.000000000000	1.000000000000
13	53	66
-0.446972263459	0.166746872644	-0.878869316885	2.061783951428
0.235050930483	-0.926058108971	-0.295241323139	1.473831106028
-0.863114624936	-0.338543733177	0.374728281491	0.147151142800
0.000000000000	0.000000000000	0.000000000000	1.000000000000
13	58	66
0.959556495921	0.274189624042	-0.063807375769	-0.545960066907
-0.075559635144	0.469184125163	0.879861919981	-2.346321364605
0.271186416827	-0.839455958799	0.470926343036	1.575404938878
0.000000000000	0.000000000000	0.000000000000	1.000000000000
14	18	66
0.399797886209	0.242608974213	-0.883913194728	0.753329428830
-0.016248429748	0.966059890965	0.257806663218	0.001167336877
0.916459294630	-0.088708357557	0.390170717232	0.571573859994
0.000000000000	0.000000000000	0.000000000000	1.000000000000
14	55	66
0.509818681630	-0.113259911351	0.852793705618	-0.816106385146
0.091608449197	0.992806673418	0.077089566434	0.034544878791
-0.855390439446	0.038821407730	0.516526954191	0.161755626188
0.000000000000	0.000000000000	0.000000000000	1.000000000000
14	61	66
0.996160015839	-0.050061108060	0.071826932996	0.056763578029
0.000896156271	0.826185926308	0.563396851318	-0.239565469060
-0.087546671825	-0.561169048176	0.823058248012	0.430276648414
0.000000000000	0.000000000000	0.000000000000	1.000000000000
14	62	66
-0.227935869424	0.457028146484	-0.859750261850	-0.032339605836
-0.076097607758	0.871931429391	0.483678339947	-0.353747077101
0.970697889935	0.175672581133	-0.163965699810	2.822823759241
0.000000000000	0.000000000000	0.000000000000	1.000000000000
14	63	66
-0.512998146491	0.365637492813	-0.776622254089	-0.098473882657
-0.110761758184	0.868983666130	0.482285414380	-0.307805151653
0.851213683290	0.333431569965	-0.405288358494	2.944198579036
0.000000000000	0.000000000000	0.000000000000	1.000000000000
15	16	66
0.971098320059	0.009407689355	-0.238494335698	0.307455564999
-0.078269146569	0.956521318579	-0.280964246479	-0.029293659065
0.225481692105	0.291510655869	0.929612577389	-0.001979715680
0.000000000000	0.000000000000	0.000000000000	1.000000000000
15	17	66
0.955957565243	-0.065368053051	-0.286133100312	0.356414445599
-0.047042349536	0.928155957510	-0.369206630343	0.014106798161
0.289710460295	0.366406244733	0.884202642507	-0.209975312587
0.000000000000	0.000000000000	0.000000000000	1.000000000000
15	19	66
0.691558244668	0.239049096132	-0.681617725614	0.146513195907
-0.258969157751	0.962971202893	0.074976247792	-0.002310369953
0.674301245413	0.124667525995	0.727857017824	-0.248175456204
0.000000000000	0.000000000000	0.000000000000	1.000000000000
15	55	66
0.116752842078	-0.111005225632	0.986937998939	-0.972293312685
0.361741325148	0.930225705174	0.061833252493	-0.145172321389
-0.924938910170	0.349797051611	0.148761672271	0.446781851987
0.000000000000	0.000000000000	0.000000000000	1.000000000000
15	60	66
0.213508519650	0.361766623183	-0.907490508153	0.456904591948
-0.051921336732	0.931799204275	0.359241447643	-0.856598744970
0.975560498805	-0.029582989428	0.217730475377	3.222663540528
0.000000000000	0.000000000000	0.000000000000	1.000000000000
15	61	66
0.493010261995	0.389810103935	-0.777810365345	0.521506805831
-0.213363885446	0.920881134302	0.326272568375	-0.877496170566
0.843455235300	0.005100917274	0.537175247650	2.565744570611
0.000000000000	0.000000000000	0.000000000000	1.000000000000
15	63	66
-0.174200349197	0.440102193838	-0.880888356898	0.748960810221
-0.329385529427	0.816992322784	0.473316720090	-1.013298052047
0.927986751707	0.372603815723	0.002642946199	2.667018158837
0.000000000000	0.000000000000	0.000000000000	1.000000000000
15	64	66
-0.063460002198	0.484383975406	-0.872550853814	1.128903432102
-0.298580353693	0.825050595833	0.479730431289	-1.094371397853
0.952272335264	0.290970236771	0.092269826075	2.621791122989
0.000000000000	0.000000000000	0.000000000000	1.000000000000
16	18	66
0.905307216764	0.133439438993	-0.403252723978	0.192876138041
-0.021319820969	0.962450420555	0.270619018560	-0.023951381855
0.424222003800	-0.236396074616	0.874158216456	0.011714498238
0.000000000000	0.000000000000	0.000000000000	1.000000000000
16	19	66
0.828417798561	0.154210392765	-0.538463653175	-0.114653752024
-0.016717750633	0.967731546744	0.251428260644	-0.020948284115
0.559861114778	-0.199285745100	0.804264088443	-0.173545561088
0.000000000000	0.000000000000	0.000000000000	1.000000000000
16	57	66
0.805691433736	-0.247541589053	0.538130537410	-0.730397996023
0.049888220158	0.933619796424	0.354774916271	-0.026908376638
-0.590230869316	-0.258992736220	0.764558881638	0.630286659511
0.000000000000	0.000000000000	0.000000000000	1.000000000000
16	58	66
0.973725603481	-0.094394232383	0.207239421968	-0.465464295208
-0.006334038458	0.898465895616	0.438997624562	-0.328684857237
-0.227636396654	-0.428775889372	0.874261349718	1.316032723617
0.000000000000	0.000000000000	0.000000000000	1.000000000000
16	61	66
-0.939672777552	0.208825512025	-0.270937219030	-1.405560439288
-0.040399279615	-0.854245487116	-0.518297738706	0.227130871398
-0.339680687315	-0.476084607259	0.811147629841	1.097789079078
0.000000000000	0.000000000000	0.000000000000	1.000000000000
16	62	66
0.363536448419	0.397770258885	-0.842389501250	1.137461980328
0.014645712922	0.901706821895	0.432099884797	-0.128030696030
0.931464843010	-0.169421452286	0.321977666526	2.510433873447
0.000000000000	0.000000000000	0.000000000000	1.000000000000
16	63	66
-0.961125843455	-0.091687257613	0.260443006884	-2.448579128684
-0.063424133184	-0.844720928317	-0.531435727621	1.731220135292
0.268727543012	-0.527294983907	0.806067929875	0.297917962444
0.000000000000	0.000000000000	0.000000000000	1.000000000000
16	64	66
-0.954051900483	-0.115911209424	0.276314246310	-1.842997454737
-0.032783559107	-0.876235411950	-0.480766826120	1.537697193012
0.297842591709	-0.467735068575	0.832174078056	0.569684842760
0.000000000000	0.000000000000	0.000000000000	1.000000000000
17	20	66
0.718765184901	0.200635862506	-0.665673989015	-0.039757045116
0.058546048760	0.936588600726	0.345505648527	0.137664073181
0.692783493704	-0.287310013167	0.661440841788	-0.156179607818
0.000000000000	0.000000000000	0.000000000000	1.000000000000
17	57	66
0.734747178649	-0.242318477940	0.633583726682	-0.764541086282
-0.033380218995	0.919972206893	0.390559725937	0.196168063272
-0.677519257621	-0.308111820274	0.667858339590	0.863317941262
0.000000000000	0.000000000000	0.000000000000	1.000000000000
17	58	66
0.302194579167	0.948574407204	0.094260438788	-1.491396876800
-0.886520666254	0.316009280284	-0.337963375352	0.791737229452
-0.350370581851	0.018566872993	0.936427106934	1.265951259552
0.000000000000	0.000000000000	0.000000000000	1.000000000000
17	61	66
-0.133058885392	0.990861116639	0.022126467209	-1.681673494223
-0.944738760659	-0.133550778745	0.299387480708	-0.378785303219
0.299606420368	0.018932433274	0.953875021082	1.757277063686
0.000000000000	0.000000000000	0.000000000000	1.000000000000
17	62	66
0.461049729174	0.470395855340	-0.752436632885	1.210133408366
0.074231795377	0.824518917606	0.560944021330	-0.043424387721
0.884263980825	-0.314477811282	0.345225894781	2.626474439186
0.000000000000	0.000000000000	0.000000000000	1.000000000000
17	63	66
0.125013926447	0.511288797945	-0.850267771523	1.242971151544
0.040073522210	0.853689455488	0.519238313693	0.026243567573
0.991345364145	-0.098985244783	0.086233927797	2.798349473979
0.000000000000	0.000000000000	0.000000000000	1.000000000000
17	65	66
-0.180066718874	0.446434911267	-0.876511178911	1.170045816951
0.205380349869	0.888500263360	0.410348868520	0.166452411217
0.961974474007	-0.106127998241	-0.251678285412	2.973268004394
0.000000000000	0.000000000000	0.000000000000	1.000000000000
18	21	66
0.951419818201	0.088367379235	-0.294943275600	-0.783730425924
-0.056355820134	0.991726338992	0.115338155377	0.169537660185
0.302695145438	-0.093113236631	0.948528109279	-0.485247966858
0.000000000000	0.000000000000	0.000000000000	1.000000000000
18	34	66
0.769652780268	-0.281056327852	0.573273005121	-2.719518556510
0.186178021395	0.957670055354	0.219558214212	0.111704061059
-0.610714615983	-0.062252756187	0.789399931702	-0.121985264591
0.000000000000	0.000000000000	0.000000000000	1.000000000000
18	56	66
-0.624194949466	0.386695304286	-0.678857427376	1.077302232946
-0.105251736929	0.819374115904	0.563514090383	-0.931136461147
0.774146457031	0.423193572529	-0.470748832432	3.240339086298
0.000000000000	0.000000000000	0.000000000000	1.000000000000
18	57	66
0.501396203047	-0.325731462370	0.801561514790	-0.564090326573
0.275893455369	0.938256935906	0.208702476051	-0.209570814601
-0.820051613531	0.116502946948	0.560305643821	0.916271531355
0.000000000000	0.000000000000	0.000000000000	1.000000000000
18	58	66
0.768485950718	-0.294836271876	0.567891641367	-0.068285068771
0.178548845528	0.951071473577	0.252157414939	-0.486955869077
-0.614450692334	-0.092383033799	0.783527741536	1.394926238364
0.000000000000	0.000000000000	0.000000000000	1.000000000000
18	61	66
0.932230196376	0.185115484227	-0.310932659050	1.552763955749
-0.100034072062	0.957596069127	0.270190586106	-0.685473664136
0.347764353250	-0.220775963122	0.911217827260	1.909868295488
0.000000000000	0.000000000000	0.000000000000	1.000000000000
18	65	66
0.497509433148	0.271742385524	-0.823796358233	0.712095381174
-0.140612334605	0.962370019277	0.232534120839	-0.531282741991
0.855986293865	0.000148010524	0.516998494009	1.840009555839
0.000000000000	0.000000000000	0.000000000000	1.000000000000
19	22	66
0.998451177029	-0.035988522960	-0.042427270761	-1.311258192762
0.036791974925	0.999155178178	0.018310666340	0.135338617465
0.041732453441	-0.019843289441	0.998931752521	-0.318500968583
0.000000000000	0.000000000000	0.000000000000	1.000000000000
19	23	66
0.996114875134	-0.043325461931	-0.076668506475	-1.667073219380
0.023035513557	0.968485241369	-0.248003432167	0.081929799633
0.084997180258	0.245273809445	0.965720579541	-0.251129146663
0.000000000000	0.000000000000	0.000000000000	1.000000000000
19	24	66
0.986587872038	0.077064512938	-0.143893820553	0.119647734184
-0.074473327423	0.996950395929	0.023315907850	0.068223015077
0.145251830454	-0.012286940298	0.989318420352	-0.149390860962
0.000000000000	0.000000000000	0.000000000000	1.000000000000
19	33	66
0.977014908259	-0.010430567358	0.212915645982	-2.673189630389
-0.041423911050	0.970472972088	0.237626324382	-0.047007478539
-0.209107457143	-0.240984260296	0.947734486898	0.632890872406
0.000000000000	0.000000000000	0.000000000000	1.000000000000
19	34	66
0.558881371839	-0.360803967843	0.746640548725	-2.627927883907
0.228492103118	0.932531457768	0.279600499079	-0.064859052969
-0.797146768810	0.014337958759	0.603615317827	0.601500195637
0.000000000000	0.000000000000	0.000000000000	1.000000000000
19	62	66
0.741959368043	0.283789413388	-0.607420665620	2.602674434736
-0.161488882492	0.954969151486	0.248908136752	-0.583664442568
0.650705491759	-0.086588039352	0.754377143368	1.716644739274
0.000000000000	0.000000000000	0.000000000000	1.000000000000
20	24	66
0.895402264636	0.032388903422	-0.444078532942	0.697444110546
-0.029555942254	0.999474604645	0.013302666931	-0.150586202198
0.444276074938	0.001213921380	0.895889109005	0.056756441990
0.000000000000	0.000000000000	0.000000000000	1.000000000000
20	25	66
0.999717643090	-0.023071676891	0.005686107569	-0.127434009655
0.023098240110	0.999722380952	-0.004651056605	-0.032577506110
-0.005577221322	0.004781082425	0.999973017563	0.281086935645
0.000000000000	0.000000000000	0.000000000000	1.000000000000
20	32	66
0.988270382576	0.126437590661	-0.085645703868	-0.235925649829
-0.101793584034	0.963462689435	0.247745256901	-0.081352436620
0.113840753568	-0.236121116665	0.965032176195	0.305780132936
0.000000000000	0.000000000000	0.000000000000	1.000000000000
20	33	66
0.950864150889	-0.107641760456	0.290294019849	-0.025170345616
0.041630186496	0.973553203770	0.224635453571	-0.291772484955
-0.306796828743	-0.201512805634	0.930197987011	0.557852527140
0.000000000000	0.000000000000	0.000000000000	1.000000000000
20	35	66
0.015157149308	-0.433872052142	0.900846992111	-2.316012632275
0.342150461946	0.848811475737	0.403053520078	-0.188959532304
-0.939522922666	0.302116072111	0.161315085338	0.830157234713
0.000000000000	0.000000000000	0.000000000000	1.000000000000
20	63	66
0.780589011549	0.302127787480	-0.547174190804	3.074426660610
-0.226912829095	0.952669264874	0.202316187579	-0.519152131371
0.582401376236	-0.033764949240	0.812199830806	1.040683478448
0.000000000000	0.000000000000	0.000000000000	1.000000000000
21	25	66
0.999743135090	0.022658384729	-0.000511313003	0.156811652173
-0.022664129629	0.999520168367	-0.021113272024	-0.251333295224
0.000032675019	0.021119437229	0.999776959278	0.442985537191
0.000000000000	0.000000000000	0.000000000000	1.000000000000
21	32	66
0.978859749585	0.182127497011	-0.093076127310	0.104117661878
-0.170236921978	0.977719260462	0.122818720548	0.032568246632
0.113370988520	-0.104377308617	0.988054854959	0.489118820582
0.000000000000	0.000000000000	0.000000000000	1.000000000000
21	35	66
0.078999967276	-0.392902262698	0.916180559244	-1.971401880492
0.387373665750	0.858925311192	0.334946194003	-0.215067386696
-0.918531789463	0.328443483358	0.220055061259	0.894475052311
0.000000000000	0.000000000000	0.000000000000	1.000000000000
21	47	66
0.938506729823	0.147130362457	-0.312342399492	-0.853956603486
-0.073066908696	0.968803862982	0.236812799326	-0.251920533222
0.337440876200	-0.199428512291	0.919979306047	0.797222078841
0.000000000000	0.000000000000	0.000000000000	1.000000000000
21	48	66
-0.965982393677	-0.105463230654	0.236126072440	-1.475771608225
0.173609500215	0.412272023193	0.894366546964	-0.906127927594
-0.191670959045	0.904936067285	-0.379938097045	2.432562431305
0.000000000000	0.000000000000	0.000000000000	1.000000000000
21	63	66
0.702217389794	0.351020533053	-0.619415307242	3.482736532646
-0.296824390962	0.935135420020	0.193434813707	-0.859402714994
0.647136784923	0.048024281348	0.760859809689	1.430098693496
0.000000000000	0.000000000000	0.000000000000	1.000000000000
21	64	66
0.708762982170	0.320159302670	-0.628612007536	2.789196643787
-0.255581360888	0.947083858263	0.194191486383	-0.794884702547
0.657520496313	0.023025775356	0.753084730026	1.442413059696
0.000000000000	0.000000000000	0.000000000000	1.000000000000
21	65	66
0.799409492390	0.167211307548	-0.577048388010	2.008316677037
-0.135370200617	0.985921018538	0.098156273314	-0.745307075232
0.585336973257	-0.000351900575	0.810790049214	1.581278606493
0.000000000000	0.000000000000	0.000000000000	1.000000000000
22	25	66
0.484844367665	0.427228833530	-0.763152319622	2.281413353369
-0.289966416479	0.901742329658	0.320593587298	-0.846680416843
0.825133574918	0.065850548237	0.561086703495	1.494286304476
0.000000000000	0.000000000000	0.000000000000	1.000000000000
22	26	66
0.999599600035	-0.025293721374	0.012683346153	0.313706115373
0.026349784648	0.995457184587	-0.091491434040	-0.507585038945
-0.010311569212	0.091789004312	0.995725087676	0.796110200536
0.000000000000	0.000000000000	0.000000000000	1.000000000000
22	27	66
0.734111874211	0.265798480475	-0.624844719846	1.441528172814
-0.155066399552	0.961511100489	0.226827721777	-0.504963437769
0.661085597992	-0.069624502972	0.747073129428	1.075221087647
0.000000000000	0.000000000000	0.000000000000	1.000000000000
22	32	66
0.422957016408	0.447281788286	-0.788064949188	2.239158492677
-0.199053197531	0.894303882177	0.400747290541	-0.399631306087
0.884016508230	-0.012632030343	0.467284971924	1.393824475973
0.000000000000	0.000000000000	0.000000000000	1.000000000000
22	35	66
0.110006895534	-0.401504534501	0.909226369894	-1.400990914123
0.295095471756	0.886723922493	0.355864226677	-0.151250105568
-0.949113873824	0.229161065748	0.216027915930	0.813901653291
0.000000000000	0.000000000000	0.000000000000	1.000000000000
22	48	66
-0.915604408417	-0.210682993699	0.342463492146	-1.115220833129
0.174850084330	0.558348525933	0.810971252017	-0.690246678069
-0.362071837205	0.802408623928	-0.474388432563	2.752225565117
0.000000000000	0.000000000000	0.000000000000	1.000000000000
22	64	66
0.692716709397	0.306086959341	-0.653034711055	2.243337022620
-0.184788144793	0.950572427342	0.249530362725	-0.669513240238
0.697134780416	-0.052180779020	0.715038645274	1.728277636204
0.000000000000	0.000000000000	0.000000000000	1.000000000000
23	26	66
0.998938677541	-0.038325583505	0.025547370917	-0.208273545553
0.035063258434	0.992420179013	0.117782665094	-0.018114159864
-0.029867815786	-0.116761885638	0.992710721027	0.918449743880
0.000000000000	0.000000000000	0.000000000000	1.000000000000
23	28	66
0.964347738487	0.180614854206	-0.193421078774	-0.336037711116
-0.049686031218	0.841461645668	0.538027505962	-0.031817618147
0.259932178801	-0.509235282860	0.820435670308	0.785246361095
0.000000000000	0.000000000000	0.000000000000	1.000000000000
23	31	66
0.530112806696	0.465510954844	-0.708717124879	1.872162269964
0.322727286780	0.662147743533	0.676319054960	-0.091751061154
0.784109374095	-0.587247747254	0.200779911348	1.954154825385
0.000000000000	0.000000000000	0.000000000000	1.000000000000
23	34	66
0.496820107133	-0.375669988714	0.782331030146	-0.824888265007
0.016584992224	0.905400372899	0.424234726051	0.015916508215
-0.867695061172	-0.197793387995	0.456051594103	0.970717333626
0.000000000000	0.000000000000	0.000000000000	1.000000000000
23	64	66
-0.995929678169	0.043877686635	0.078732615591	-0.251806750965
0.067930839967	0.939516329119	0.335699967680	0.155431101526
-0.059240839996	0.339681933483	-0.938672843403	5.830365000778
0.000000000000	0.000000000000	0.000000000000	1.000000000000
24	28	66
0.954721902431	0.095719130023	-0.281680558729	-0.695118767098
-0.025880667634	0.969959254492	0.241886824088	-0.164055451990
0.296371861116	-0.223644567947	0.928518619720	0.537527695389
0.000000000000	0.000000000000	0.000000000000	1.000000000000
24	29	66
0.755748179064	0.348672507451	-0.554321362018	-0.571654634293
-0.167740056092	0.921300144457	0.350812367807	-0.147095941692
0.633014978831	-0.172143911805	0.754757252502	0.358663325739
0.000000000000	0.000000000000	0.000000000000	1.000000000000
24	31	66
0.735204933856	0.383018969252	-0.559258593521	-0.597744976920
-0.181126290697	0.906060583243	0.382423177005	-0.116044041888
0.653197498504	-0.179862971970	0.735515016340	0.305190493942
0.000000000000	0.000000000000	0.000000000000	1.000000000000
24	34	66
0.356665200540	-0.493272768392	0.793392658578	-0.527728781322
0.350745616960	0.857823222428	0.375655202609	-0.249129944634
-0.865891128784	0.144295859352	0.478968953135	0.740472953395
0.000000000000	0.000000000000	0.000000000000	1.000000000000
24	65	66
0.993189622176	-0.106230956551	-0.047847238925	1.386432562955
0.109583691066	0.991221904250	0.073963174536	-0.157505427835
0.039570052500	-0.078702734421	0.996112488899	0.661848209288
0.000000000000	0.000000000000	0.000000000000	1.000000000000
25	29	66
0.741854055507	0.417359824419	-0.524846012930	-0.097267083797
-0.272145112453	0.902731180309	0.333186815263	0.007477934698
0.612853651450	-0.104341712935	0.783277223495	-0.059712552648
0.000000000000	0.000000000000	0.000000000000	1.000000000000
25	31	66
