0	30	60
0.811139470478	-0.322612195680	0.487825922468	-3.063723867538
0.177787986257	0.930642047956	0.319838725797	-1.558820888303
-0.557175189125	-0.172704226281	0.812237070595	0.456576366093
0.000000000000	0.000000000000	0.000000000000	1.000000000000
0	31	60
-0.007164782176	-0.497824952743	0.867247935900	-2.963745613395
0.599457167309	0.692020742184	0.402191990161	0.037179651138
-0.800374768754	0.522759609011	0.293466558108	0.389509712556
0.000000000000	0.000000000000	0.000000000000	1.000000000000
0	33	60
0.993438018297	-0.047584968992	0.104002762120	0.501463235655
0.032557854776	0.989376763789	0.141681351515	-0.152419328480
-0.109639818930	-0.137365534253	0.984433756077	-0.982093279306
0.000000000000	0.000000000000	0.000000000000	1.000000000000
0	34	60
0.366989294760	-0.396584873078	0.841450709179	-2.089836989471
0.266391960046	0.911487483800	0.313410099548	-1.012142319289
-0.891265494202	0.109137552297	0.440153170526	1.470717281381
0.000000000000	0.000000000000	0.000000000000	1.000000000000
0	35	60
0.667014588741	-0.147184920221	0.730361648546	-2.084668811740
0.215256411108	0.976557541683	0.000212740270	-1.028711463907
-0.713271488203	0.157073126413	0.683060624743	1.628218784160
0.000000000000	0.000000000000	0.000000000000	1.000000000000
0	36	60
-0.339652799431	0.377618843969	-0.861417427568	1.515132912302
-0.252459546639	0.845652249363	0.470251475764	-1.024699027142
0.906035403916	0.377195283410	-0.191894671691	2.646088750673
0.000000000000	0.000000000000	0.000000000000	1.000000000000
0	37	60
0.041488969937	-0.670971100416	0.740321854182	-1.382719279464
0.317842930065	0.711331443804	0.626883919768	-1.228922597558
-0.947235206895	0.209297299223	0.242775829432	1.999938242826
0.000000000000	0.000000000000	0.000000000000	1.000000000000
0	38	60
-0.390709747194	-0.507415743108	0.768033304677	-1.361113092380
0.232387357958	0.752955805659	0.615673347308	-1.287544735952
-0.890697484733	0.419030808378	-0.176270168550	2.183022914022
0.000000000000	0.000000000000	0.000000000000	1.000000000000
0	41	60
0.879319605182	-0.209242214499	0.427802206182	-0.143779317859
0.112101814508	0.964007299907	0.241087347054	-0.384435016705
-0.462850100061	-0.164035427262	0.871126950264	0.381225769270
0.000000000000	0.000000000000	0.000000000000	1.000000000000
0	42	60
0.798520146331	-0.325926304010	0.506100405314	-0.241018080059
0.268355029119	0.945316350741	0.185371452407	0.032897117880
-0.538842420612	-0.012208250296	0.842318113526	-0.311904993621
0.000000000000	0.000000000000	0.000000000000	1.000000000000
0	47	60
0.690067438976	-0.275128524457	0.669411102907	-0.950851617402
0.288003086361	0.952929118896	0.094764532432	0.189756772174
-0.663973758451	0.127398545480	0.736823220791	-0.643912053095
0.000000000000	0.000000000000	0.000000000000	1.000000000000
0	49	60
-0.125491685597	-0.291636560759	0.948261542653	-2.269999251892
0.208975665855	0.926601956529	0.312630749025	-0.914371298491
-0.969835557157	0.237396146945	-0.055335896930	2.949316495029
0.000000000000	0.000000000000	0.000000000000	1.000000000000
0	50	60
-0.065729021004	-0.440227510349	0.895477210726	-2.152001588462
0.190658009865	0.875343237485	0.444323913226	-1.511725823993
-0.979453530839	0.199934878701	0.026397446969	3.772373763910
0.000000000000	0.000000000000	0.000000000000	1.000000000000
0	51	60
0.028790181182	-0.375987312587	0.926177448571	-1.891680847273
0.282712910625	0.891792864109	0.353240566315	-1.666427473170
-0.958772410759	0.251672462336	0.131971345634	3.751236075047
0.000000000000	0.000000000000	0.000000000000	1.000000000000
1	3	60
0.907730378269	-0.012991883722	-0.419352800545	0.065980715080
-0.010406615713	0.998515712759	-0.053460955127	-0.119337557540
0.419424919046	0.052892176464	0.906247844109	-0.068978568309
0.000000000000	0.000000000000	0.000000000000	1.000000000000
1	31	60
-0.074622064301	-0.534675851644	0.841756069885	-3.711702671355
0.144843590783	0.829346507862	0.539633861156	-0.701320706892
-0.986636651320	0.162191564412	0.015556821820	1.863631026749
0.000000000000	0.000000000000	0.000000000000	1.000000000000
1	33	60
0.027184423981	-0.479998583251	0.876847972667	-2.906574538798
0.117139794083	0.872658342238	0.474073503124	-0.787316219404
-0.992743308079	0.089826375853	0.079949649568	0.928767168782
0.000000000000	0.000000000000	0.000000000000	1.000000000000
1	35	60
0.678648218113	-0.207264863526	0.704611859395	-2.295107661875
0.186555484297	0.976537435839	0.107571779212	-0.869386444883
-0.710375708573	0.058445810389	0.701391787746	1.623419410345
0.000000000000	0.000000000000	0.000000000000	1.000000000000
1	36	60
0.418976575287	-0.461642968033	0.781885157441	-2.004666428942
0.219794560338	0.887064066226	0.405965138474	-0.640470934987
-0.880993178525	0.001764221011	0.473125677719	1.613433973836
0.000000000000	0.000000000000	0.000000000000	1.000000000000
1	37	60
0.096959753448	-0.662301647256	0.742936965195	-1.622429461528
0.270079936967	0.735954055163	0.620828846251	-0.896150552238
-0.957943439802	0.140456956864	0.250232310882	2.053616050369
0.000000000000	0.000000000000	0.000000000000	1.000000000000
1	38	60
-0.324011657876	-0.512919733801	0.794940118649	-1.626234707165
0.150042264998	0.801774239690	0.578485425299	-0.934447741192
-0.934079099581	0.306710637648	-0.182824562023	2.219755168852
0.000000000000	0.000000000000	0.000000000000	1.000000000000
1	39	60
-0.648355876348	-0.301467240527	0.699108117886	-1.682700836471
0.145090890657	0.852508111571	0.502173827627	-0.748927420918
-0.747384299443	0.427021571580	-0.508988493339	2.085940077800
0.000000000000	0.000000000000	0.000000000000	1.000000000000
1	47	60
0.847934843818	-0.348589698027	0.399364148453	-0.395000277396
0.303985253259	0.936947699461	0.172400621446	0.301626638280
-0.434280400710	-0.024783682210	0.900436728846	-0.960014706007
0.000000000000	0.000000000000	0.000000000000	1.000000000000
1	48	60
-0.758243015760	-0.226074430740	0.611520956972	-2.243739206082
0.067655484797	0.905608233820	0.418684203444	-0.824008508466
-0.648452206741	0.358837119878	-0.671375943097	3.919298287929
0.000000000000	0.000000000000	0.000000000000	1.000000000000
1	49	60
-0.150603662452	-0.314151453031	0.937351268957	-2.559301155966
0.094371962205	0.939267164941	0.329956248030	-0.701165573264
-0.984079503702	0.138152297929	-0.111809986009	3.602926340146
0.000000000000	0.000000000000	0.000000000000	1.000000000000
1	50	60
0.107127073840	-0.379528657898	0.918956902082	-2.661083177871
0.121439151861	0.922350172932	0.366773350842	-0.818005327992
-0.986801055150	0.072305990948	0.144898313404	3.514208860493
0.000000000000	0.000000000000	0.000000000000	1.000000000000
1	51	60
0.018999472858	-0.286898347125	0.957772602682	-2.115745036792
0.906962214299	-0.398214660879	-0.137275728720	-0.500717445109
0.420783271846	0.871271727005	0.252640091546	0.548991474671
0.000000000000	0.000000000000	0.000000000000	1.000000000000
2	3	60
0.807443823659	0.085797428071	-0.583672230769	-0.108809905718
-0.176641538784	0.979137758673	-0.100434139199	-0.134160058791
0.562878529002	0.184195686369	0.805754125470	0.047235321196
0.000000000000	0.000000000000	0.000000000000	1.000000000000
2	31	60
0.924934846118	0.206005914402	-0.319463759555	0.521870919896
-0.123751460543	0.957820608631	0.259355465907	0.107529971516
0.359417732521	-0.200352801113	0.911415190040	-1.131851811162
0.000000000000	0.000000000000	0.000000000000	1.000000000000
2	33	60
0.176737355487	-0.389059218875	0.904100011826	-3.333268520184
0.221012166909	0.910790002919	0.348733698774	-0.525958565761
-0.959123312850	0.138182831026	0.246957437540	0.539013961149
0.000000000000	0.000000000000	0.000000000000	1.000000000000
2	35	60
0.847804408235	-0.066874753912	0.526075519927	-2.767030204841
0.132929276854	0.987145053267	-0.088738104357	-0.681733252571
-0.513378508250	0.145163394487	0.845795540405	1.111686475609
0.000000000000	0.000000000000	0.000000000000	1.000000000000
2	37	60
0.344594799130	-0.596945252380	0.724507273996	-2.215292417268
0.347031481406	0.798110911679	0.492532357894	-0.910514864442
-0.872252013655	0.081702743651	0.482183664545	1.635769849034
0.000000000000	0.000000000000	0.000000000000	1.000000000000
2	39	60
-0.419444846819	-0.309979017369	0.853216871181	-2.249878677329
0.346265678292	0.814197408846	0.466028603698	-0.728557718134
-0.839146054340	0.490913014921	-0.234175812728	1.572533884016
0.000000000000	0.000000000000	0.000000000000	1.000000000000
2	48	60
0.193432863576	-0.213623498979	0.957574398140	-2.637881039248
0.283254589019	0.946606385442	0.153958399708	-0.163048161439
-0.939335171858	0.241456728473	0.243614620223	1.008684463906
0.000000000000	0.000000000000	0.000000000000	1.000000000000
2	49	60
-0.900668704066	0.373841983981	-0.221445380465	-0.200720889752
-0.130280847855	-0.718548674519	-0.683165209176	1.417104114239
-0.414515121797	-0.586455431691	0.695878754125	0.753498085302
0.000000000000	0.000000000000	0.000000000000	1.000000000000
2	50	60
0.409021457718	-0.322918278332	0.853478314104	-3.004214770483
0.275524194793	0.935344241371	0.221850328416	-0.666052925489
-0.869935552331	0.144412380543	0.471547663694	1.977419890271
0.000000000000	0.000000000000	0.000000000000	1.000000000000
2	51	60
0.343455132546	-0.404111935570	0.847780700098	-2.509601433150
0.751301518754	0.659880648701	0.010176315036	-0.591885541332
-0.563546448702	0.633443819924	0.530249306604	0.671471620787
0.000000000000	0.000000000000	0.000000000000	1.000000000000
3	24	60
-0.449967214089	-0.636795128412	0.626116179854	-3.277042434475
0.217717372848	0.601726895686	0.768455521529	-1.459829367897
-0.866099677754	0.482096159949	-0.132116012494	3.023628672491
0.000000000000	0.000000000000	0.000000000000	1.000000000000
3	25	60
0.685782932221	-0.207580052478	0.697576011405	-3.276123015506
0.073940754808	0.973376125068	0.216960097544	-0.414235302665
-0.724040423355	-0.097208235049	0.682873358967	2.047277237892
0.000000000000	0.000000000000	0.000000000000	1.000000000000
3	26	60
0.431707800854	-0.491895602861	0.756086695141	-2.112376226351
0.792012074385	-0.194434674163	-0.578715846951	1.915714186470
0.431677250630	0.848665937439	0.305648291210	1.467631182502
0.000000000000	0.000000000000	0.000000000000	1.000000000000
3	29	60
0.918500318922	-0.072934003940	-0.388635813081	0.563539460262
0.224843088407	0.904819996416	0.361588660887	-0.372472709698
0.325273346181	-0.419501376822	0.847476161971	0.741687678892
0.000000000000	0.000000000000	0.000000000000	1.000000000000
3	30	60
0.057882337204	-0.261226272634	0.963540590492	-3.000159556384
0.206831388639	0.947355701201	0.244413485873	-0.515807404013
-0.976662895637	0.185143214535	0.108864954867	2.591646691816
0.000000000000	0.000000000000	0.000000000000	1.000000000000
3	32	60
-0.622633696114	-0.442691421577	0.645253117564	-2.353579846003
-0.036834672193	-0.807095537905	-0.589270735416	1.125823324738
0.781646011560	-0.390667503071	0.486218484486	0.946016140562
0.000000000000	0.000000000000	0.000000000000	1.000000000000
3	33	60
-0.435041448968	-0.413815070923	0.799684953439	-2.239332503024
0.037347678991	0.879076339937	0.475215676758	-0.621367135158
-0.899635530953	0.236604893524	-0.366979612249	2.326077263018
0.000000000000	0.000000000000	0.000000000000	1.000000000000
3	34	60
0.031335150516	-0.405339488473	0.913629031624	-1.451663848902
0.096786899195	0.911012732019	0.400859200023	-0.590601217277
-0.994811743239	0.075866337617	0.067778273290	2.377677084383
0.000000000000	0.000000000000	0.000000000000	1.000000000000
3	35	60
0.334997594021	-0.155135830245	0.929359718395	-1.461606818329
0.104189715940	0.986402403463	0.127101540251	-0.592197268886
-0.936440662879	0.054251014885	0.346605989982	2.541091735683
0.000000000000	0.000000000000	0.000000000000	1.000000000000
3	36	60
0.004134559418	-0.429355472893	0.903126117060	-1.140639205901
0.166667376886	0.890797518243	0.422731317712	-0.411180538823
-0.986004508560	0.148773853176	0.075242605687	2.419593433048
0.000000000000	0.000000000000	0.000000000000	1.000000000000
3	37	60
-0.256848883422	-0.606226374721	0.752674055403	-0.593728977492
0.195147832359	0.730227163931	0.654740874379	-0.682985217870
-0.946544227498	0.315052172900	-0.069254268754	2.538874142837
0.000000000000	0.000000000000	0.000000000000	1.000000000000
3	38	60
-0.635687289336	-0.374586578256	0.674971529450	-0.582000922933
0.131071669700	0.809303873645	0.572579651668	-0.678021307411
-0.760737725881	0.452451252063	-0.465366497427	2.626910607964
0.000000000000	0.000000000000	0.000000000000	1.000000000000
3	40	60
-0.999998850033	0.000797648231	-0.001289841120	-0.540187796346
0.000098270072	0.882802394759	0.469744528601	-0.415716062320
0.001513365722	0.469743861657	-0.882801457950	2.719012662025
0.000000000000	0.000000000000	0.000000000000	1.000000000000
3	41	60
-0.999635330335	0.011669729718	-0.024352079051	-0.371429962192
-0.005283342937	0.799852282572	0.600173651831	-0.475109221506
0.026481930315	0.600083447092	-0.799498945524	3.171230909721
0.000000000000	0.000000000000	0.000000000000	1.000000000000
3	42	60
-0.969785528324	0.156983851499	-0.186740727804	-0.363290891968
0.014770246838	0.801836996247	0.597360252493	-0.510853753579
0.243511537428	0.576553121419	-0.779928605272	3.605291796459
0.000000000000	0.000000000000	0.000000000000	1.000000000000
3	44	60
-0.837414708667	0.101418211481	-0.537076300063	-0.142093473956
-0.096965316163	0.939480205588	0.328594995046	-0.396637633271
0.537898069499	0.327248055286	-0.776900493719	3.861008617251
0.000000000000	0.000000000000	0.000000000000	1.000000000000
3	45	60
-0.765622417687	0.135238631930	-0.628914005226	0.071494291658
-0.072066198950	0.953466278605	0.292760172381	-0.370446721099
0.639240781322	0.269467192804	-0.720249023254	3.663899706754
0.000000000000	0.000000000000	0.000000000000	1.000000000000
3	46	60
-0.651028068373	0.140487618292	-0.745939463561	0.394243918029
0.124858357672	-0.949516395249	-0.287800287826	2.426624938152
-0.748714127494	-0.280502841804	0.600620771394	1.266112604554
0.000000000000	0.000000000000	0.000000000000	1.000000000000
3	48	60
-0.945103352992	-0.055772360313	0.321976856294	-0.563255746221
0.071490858095	0.926166169596	0.370277306223	-0.418714933855
-0.318855311031	0.372968725391	-0.871335538416	4.430420941754
0.000000000000	0.000000000000	0.000000000000	1.000000000000
3	49	60
0.982935527025	0.004088000856	-0.183904969919	0.294472852227
0.006364005503	0.998398819045	0.056207629052	0.317417289201
0.183840281620	-0.056418847726	0.981335653319	0.272780503396
0.000000000000	0.000000000000	0.000000000000	1.000000000000
4	8	60
0.985168007846	-0.067226930307	-0.157875065030	0.913662483046
0.061261777066	0.997222594198	-0.042356726630	-0.133694319079
0.160284094618	0.032056784955	0.986550237723	1.420743919481
0.000000000000	0.000000000000	0.000000000000	1.000000000000
4	24	60
0.094493787203	0.978587070790	-0.182861338351	1.363175686528
-0.973332475569	0.052246894937	-0.223369993447	-0.206669199223
-0.209033050457	0.199091955771	0.957427583144	1.082132117233
0.000000000000	0.000000000000	0.000000000000	1.000000000000
4	25	60
0.969512682328	0.160125392069	-0.185485896015	0.509085897444
-0.131567333007	0.978755753133	0.157248887417	-0.450486222292
0.206724927600	-0.128050905984	0.969983386345	1.052572943509
0.000000000000	0.000000000000	0.000000000000	1.000000000000
4	26	60
0.852806482178	-0.164081138495	0.495780681294	-0.941253433646
0.058019401945	0.973250170980	0.222301267845	-0.512710878866
-0.518994077955	-0.160815063590	0.839513944119	1.877521366468
0.000000000000	0.000000000000	0.000000000000	1.000000000000
4	29	60
-0.665433025986	-0.336399356137	0.666359033193	-0.736496628961
0.218232498234	0.766018900072	0.604640075952	-0.985150534188
-0.713844145904	0.547768671908	-0.436321002743	4.523947978430
0.000000000000	0.000000000000	0.000000000000	1.000000000000
4	30	60
-0.784329774488	0.231890109993	-0.575372732877	1.658353508329
-0.325571141377	0.635630522448	0.699983764694	-1.748610392730
0.528043782989	0.736342865668	-0.423047216545	4.248620278385
0.000000000000	0.000000000000	0.000000000000	1.000000000000
4	31	60
0.613513861334	-0.430420524587	0.662071683405	-0.450477088236
0.182048572602	0.892907997305	0.411793182996	-0.282888410507
-0.768413338748	-0.132111620847	0.626168875362	0.506066963990
0.000000000000	0.000000000000	0.000000000000	1.000000000000
4	32	60
-0.044906426423	-0.650433485554	0.758234590174	-2.521215745016
0.227968154943	0.732301696383	0.641688979028	-0.995389495217
-0.972632475912	0.201669299459	0.115393069367	2.678669611806
0.000000000000	0.000000000000	0.000000000000	1.000000000000
4	42	60
-0.484025282258	0.378972771851	-0.788732631714	2.202935018588
-0.119600866431	0.864243268230	0.488650392478	-0.500988187189
0.866842061095	0.330852250280	-0.372990119978	2.717252796955
0.000000000000	0.000000000000	0.000000000000	1.000000000000
4	44	60
-0.279423670699	0.210760015644	-0.936751102513	2.301852546700
-0.198133240304	0.941957805337	0.271032677091	-0.489025693463
0.939502863934	0.261334476811	-0.221446742784	2.906318837557
0.000000000000	0.000000000000	0.000000000000	1.000000000000
4	45	60
-0.121620875276	0.123911174930	-0.984811851789	2.405230017289
-0.222067347450	0.963630190615	0.148670605474	-0.261498985826
0.967416381861	0.236776004830	-0.089680921289	2.528857921528
0.000000000000	0.000000000000	0.000000000000	1.000000000000
4	47	60
0.019918121108	-0.352150683839	0.935731352645	-1.546751809246
0.478032766129	0.825361251571	0.300438810595	-0.411940813070
-0.878116132957	0.441326070243	0.184779210856	2.202032622100
0.000000000000	0.000000000000	0.000000000000	1.000000000000
5	6	60
0.906259842483	-0.055528853912	0.419058044054	-0.031371471444
0.039645005376	0.998130137322	0.046524214316	0.009009648913
-0.420857899358	-0.025549468728	0.906766702739	-0.085656333916
0.000000000000	0.000000000000	0.000000000000	1.000000000000
5	11	60
0.705745965243	0.245251051108	-0.664661232865	1.962752049298
-0.098463280088	0.963020436658	0.250791987616	-0.169102425238
0.701589349276	-0.111550708240	0.703796010555	1.846363909816
0.000000000000	0.000000000000	0.000000000000	1.000000000000
5	15	60
-0.415135026877	0.362345013538	-0.834487268102	1.370725455932
-0.162181190797	0.873093017155	0.459788913250	-0.364312157004
0.895187226680	0.326212621706	-0.303685947368	4.333987879697
0.000000000000	0.000000000000	0.000000000000	1.000000000000
5	40	60
0.185250851454	-0.960132741283	-0.209349566877	0.148567704714
0.811994658587	0.029568423927	0.582915416448	-1.558337232646
-0.553486039988	-0.277976307305	0.785100233165	0.576179570157
0.000000000000	0.000000000000	0.000000000000	1.000000000000
6	8	60
0.983338200445	0.022444433658	0.180394653310	0.382602234310
-0.019354529922	0.999634581611	-0.018870755664	-0.002151542390
-0.180752277210	0.015064881201	0.983413272047	1.506388934140
0.000000000000	0.000000000000	0.000000000000	1.000000000000
6	9	60
0.307360560100	-0.254350893819	0.916970615074	-1.431681336487
-0.131107571138	-0.965745490094	-0.223934037507	1.785501638877
0.942518058652	-0.051393298953	-0.330179402655	4.593066795584
0.000000000000	0.000000000000	0.000000000000	1.000000000000
6	10	60
0.698599537366	0.235896715869	-0.675508272218	1.314180662376
-0.115530801783	0.968890436960	0.218869721540	-0.305236083790
0.706124153553	-0.074860273911	0.704119747741	2.167308614274
0.000000000000	0.000000000000	0.000000000000	1.000000000000
6	24	60
0.550140855576	0.243184823999	0.798878076056	-0.676185940580
-0.255756526431	0.959752699907	-0.116031694846	0.220645523553
-0.794942537680	-0.140484505897	0.590195277335	1.502955370918
0.000000000000	0.000000000000	0.000000000000	1.000000000000
6	25	60
0.983258847373	0.116489168890	0.140115354598	-0.157912982488
-0.138170505391	0.977956451797	0.156556985883	-0.270385304354
-0.118789521855	-0.173295850845	0.977679700913	1.285980758538
0.000000000000	0.000000000000	0.000000000000	1.000000000000
6	26	60
0.971062210490	-0.016581750238	0.238250349250	-0.378373783747
-0.017911460577	0.989720906676	0.141886244817	-0.095533643267
-0.238154073949	-0.142047782268	0.960783568039	1.434111817902
0.000000000000	0.000000000000	0.000000000000	1.000000000000
6	29	60
0.802112930229	0.058173128974	0.594332174987	-0.437627807845
-0.194869224116	0.966261410947	0.168418737698	0.286335121338
-0.564482801025	-0.250907897007	0.786386924209	1.379650817488
0.000000000000	0.000000000000	0.000000000000	1.000000000000
6	30	60
0.781369958030	0.060883172426	-0.621091159174	2.659622853225
-0.038799450762	0.998043792623	0.049022348253	0.077698447956
0.622860812147	-0.014206594348	0.782203670004	-0.013889396313
0.000000000000	0.000000000000	0.000000000000	1.000000000000
6	31	60
0.869734548517	0.323821502741	-0.372426434989	3.482906452484
-0.228042563181	0.932933333494	0.278625168702	-0.102377477184
0.437673856306	-0.157400856475	0.885249437101	0.796697085876
0.000000000000	0.000000000000	0.000000000000	1.000000000000
6	42	60
-0.934912687119	-0.108021100799	0.338038029290	0.210140178955
0.117489978095	0.804613721311	0.582059158957	-0.626546482906
-0.334864707772	0.583890573019	-0.739552179517	3.852917861569
0.000000000000	0.000000000000	0.000000000000	1.000000000000
6	43	60
-0.153178748251	0.300225121594	-0.941488793055	2.335466595040
-0.145621624954	0.935473542829	0.321999368032	-0.562904159612
0.977410156193	0.186424588053	-0.099575396254	2.923104745749
0.000000000000	0.000000000000	0.000000000000	1.000000000000
6	44	60
-0.151941046995	0.174240715075	-0.972910114784	2.389727328009
-0.168530856945	0.965356739993	0.199207717742	-0.213776877043
0.973915431901	0.194233204578	-0.117312376772	2.701073694283
0.000000000000	0.000000000000	0.000000000000	1.000000000000
6	45	60
-0.058451759266	0.144908455583	-0.987717029993	2.403436661297
-0.183073742411	0.971073071282	0.153300668855	-0.153772246482
0.981359973037	0.189785746915	-0.030231996121	2.440344698580
0.000000000000	0.000000000000	0.000000000000	1.000000000000
6	46	60
-0.740617508277	-0.111967087034	0.662532322121	-0.926967308034
0.131722987112	0.942692484517	0.306561469043	-0.384465717763
-0.658889035498	0.314315527865	-0.683425919792	3.712443728870
0.000000000000	0.000000000000	0.000000000000	1.000000000000
6	47	60
-0.296599371757	0.280096562368	-0.913003137138	2.633382469744
-0.064479577270	0.947967229126	0.311769973888	-0.185736141084
0.952822752031	0.151340834717	-0.263105976669	2.699350137220
0.000000000000	0.000000000000	0.000000000000	1.000000000000
7	9	60
0.939930841944	0.148206798724	-0.307513832494	0.542104667893
-0.122504088667	0.987276489789	0.101379884447	-0.302042347375
0.318626365235	-0.057618378342	0.946127561090	1.555105524161
0.000000000000	0.000000000000	0.000000000000	1.000000000000
7	10	60
0.594083482548	0.280928396048	-0.753753309815	0.844984732023
-0.222546731592	0.957859996654	0.181596197831	-0.357044728026
0.773005671403	0.059862033901	0.631568498958	1.697874099698
0.000000000000	0.000000000000	0.000000000000	1.000000000000
7	24	60
0.954073764298	-0.052196167176	0.294989512374	0.220151741592
0.023420950162	0.994686308708	0.100252712493	-0.240795985103
-0.298654836512	-0.088739548122	0.950226594675	0.519940071564
0.000000000000	0.000000000000	0.000000000000	1.000000000000
7	25	60
0.985066614207	0.133809118212	-0.108346137257	-0.147613703192
-0.137146138730	0.990261887346	-0.023923442510	-0.025353313711
0.104089875620	0.038425438885	0.993825328436	0.591163277428
0.000000000000	0.000000000000	0.000000000000	1.000000000000
7	26	60
0.980661204319	0.178167761997	-0.080992906649	-0.239827489023
-0.170454467762	0.980883121296	0.093880651768	-0.022090806831
0.096171080697	-0.078259510229	0.992283514071	0.651622378200
0.000000000000	0.000000000000	0.000000000000	1.000000000000
7	28	60
0.835695226070	0.217536398570	-0.504273144655	0.258424927009
-0.193204714599	0.975963455720	0.100832888263	-0.048784924341
0.514086984255	0.013162385641	0.857637058565	0.567942538246
0.000000000000	0.000000000000	0.000000000000	1.000000000000
7	29	60
0.992637218829	-0.051600265843	0.109584507845	0.061905410958
0.017912852242	0.957308766364	0.288511794502	-0.138499468032
-0.119793495313	-0.284424574197	0.951184619342	0.525973371715
0.000000000000	0.000000000000	0.000000000000	1.000000000000
7	30	60
-0.513587256015	-0.091740863121	0.853118833746	-1.586041870993
0.233293813916	0.941881028058	0.241731515058	-0.693676017376
-0.825713102020	0.323177571959	-0.462335516844	3.364186175377
0.000000000000	0.000000000000	0.000000000000	1.000000000000
7	31	60
0.497165774035	0.562137063484	-0.660929735286	1.640885423696
-0.291689030419	0.825691899240	0.482856497381	-0.751102555439
0.817155861915	-0.047273770608	0.574474967210	1.868154832101
0.000000000000	0.000000000000	0.000000000000	1.000000000000
7	43	60
-0.145657584373	0.321070129192	-0.935787283658	1.776114286632
-0.248228051017	0.903757987592	0.348718130518	-0.683064109121
0.957688207510	0.283082094107	-0.051940592921	2.205128925305
0.000000000000	0.000000000000	0.000000000000	1.000000000000
7	44	60
-0.142928888795	0.237253828380	-0.960875618208	1.838504132473
-0.212946696707	0.940734211030	0.263956148934	-0.408051105350
0.966553173452	0.242342247901	-0.083935676399	2.116785224484
0.000000000000	0.000000000000	0.000000000000	1.000000000000
7	45	60
-0.033924286634	0.207384634499	-0.977671087918	1.853766222358
-0.235792164549	0.948958341043	0.209475827013	-0.324803494716
0.971211201497	0.237633500036	0.016706937098	1.828052922366
0.000000000000	0.000000000000	0.000000000000	1.000000000000
7	47	60
-0.488584528329	0.280551658144	-0.826181533193	2.025514753241
-0.151729853289	0.905147844795	0.397096248639	-0.424328943804
0.859222445178	0.319371486164	-0.399673170887	2.545670227338
0.000000000000	0.000000000000	0.000000000000	1.000000000000
8	11	60
-0.988043364799	0.067448216203	-0.138639992094	0.772003880453
-0.009375460133	0.871281738313	0.490693624607	-0.906636412123
0.153890902993	0.486126393661	-0.860231782348	4.561127488052
0.000000000000	0.000000000000	0.000000000000	1.000000000000
8	25	60
0.927160190141	0.088578508025	-0.364043719537	0.384067372847
-0.094138155034	0.995556048255	0.002482448233	0.080694073184
0.362645818375	0.031968776933	0.931378552317	-0.368463660189
0.000000000000	0.000000000000	0.000000000000	1.000000000000
8	30	60
-0.507405114464	-0.212707881534	0.835042158786	-1.627797955767
0.285839983448	0.872640198880	0.395972962665	-0.764155855136
-0.812917925549	0.439607143291	-0.381981682661	2.217391667556
0.000000000000	0.000000000000	0.000000000000	1.000000000000
8	44	60
-0.201431595658	0.180452000797	-0.962736925478	1.723040926027
-0.199578965873	0.954703153941	0.220703702360	-0.134097364373
0.958954403844	0.236598738928	-0.156292955969	1.385402695374
0.000000000000	0.000000000000	0.000000000000	1.000000000000
8	45	60
-0.205350975702	0.133182861307	-0.969584087242	1.694708360743
-0.223646732057	0.958097704957	0.178971860906	-0.071341680100
0.952792273278	0.253596358826	-0.166960386833	1.358213775961
0.000000000000	0.000000000000	0.000000000000	1.000000000000
9	11	60
0.572893058821	0.285728554492	-0.768213991218	0.032929141854
-0.279647937036	0.949168490126	0.144486015459	-0.249771797775
0.770448294479	0.132054422493	0.623675440461	0.582038739200
0.000000000000	0.000000000000	0.000000000000	1.000000000000
9	24	60
-0.793573877232	-0.238803413795	0.559654742618	-1.745787474757
0.212457835764	0.753131937913	0.622618624936	-1.152477429381
-0.570177313997	0.612996911619	-0.546930175569	2.282275342218
0.000000000000	0.000000000000	0.000000000000	1.000000000000
9	26	60
-0.437214517639	-0.337574217928	0.833598892127	-1.458946977916
0.328819653251	0.802710008598	0.497528167778	-1.094154146470
-0.837090856002	0.491630236546	-0.239955431928	2.547152138435
0.000000000000	0.000000000000	0.000000000000	1.000000000000
9	28	60
0.488903149400	-0.246788385423	0.836701382410	-2.170763709647
0.321103074892	0.942716898268	0.090430442961	-0.474730499499
-0.811089715014	0.224455658293	0.540141769963	1.241898056796
0.000000000000	0.000000000000	0.000000000000	1.000000000000
9	29	60
-0.609353600863	-0.406779909695	0.680601420938	-1.763980596903
0.289679737109	0.684822769934	0.668657927261	-0.968688292082
-0.738087961576	0.604605556415	-0.299463323511	2.386161619642
0.000000000000	0.000000000000	0.000000000000	1.000000000000
9	30	60
-0.772883879877	-0.127451595371	0.621616118729	-1.372806771729
0.228436078760	0.858055296822	0.459954416782	-0.914600185088
-0.592002927483	0.497490902865	-0.634062564278	2.228349299545
0.000000000000	0.000000000000	0.000000000000	1.000000000000
9	43	60
0.189732133524	0.291032692239	-0.937710877380	1.409345528888
-0.337041667621	0.916329605533	0.216201221808	-0.255521212459
0.922173862021	0.275027318775	0.271947314994	0.253047568573
0.000000000000	0.000000000000	0.000000000000	1.000000000000
9	44	60
0.169894022424	0.195672195658	-0.965840780352	1.399870272951
-0.293793142558	0.945577567112	0.139888005063	0.010751011905
0.940649568400	0.259991262201	0.218135125664	0.278097587953
0.000000000000	0.000000000000	0.000000000000	1.000000000000
9	45	60
0.277802118601	0.120427550504	-0.953059907865	1.352469779187
-0.251770089583	0.966558654313	0.048746176906	0.159932614499
0.927058684708	0.226410187163	0.298832097099	0.044556690010
0.000000000000	0.000000000000	0.000000000000	1.000000000000
10	12	60
0.817533705726	0.236724462200	-0.524976350893	0.027175855002
-0.155621023215	0.968503909069	0.194376632475	-0.440870681101
0.554455351796	-0.077212091764	0.828623892819	1.516185897999
0.000000000000	0.000000000000	0.000000000000	1.000000000000
10	13	60
0.655610364569	0.424142120729	-0.624722747540	0.177302155431
-0.286425018676	0.905195726302	0.313976759907	-0.673205745463
0.698667130003	-0.026910193397	0.714940614978	2.187283318616
0.000000000000	0.000000000000	0.000000000000	1.000000000000
10	15	60
-0.152119377229	0.427158884415	-0.891288383486	0.337299686029
-0.309253292275	0.835931681619	0.453409996453	-1.046721284156
0.938734305482	0.344606313249	0.004938884516	3.262674570421
0.000000000000	0.000000000000	0.000000000000	1.000000000000
10	17	60
-0.130196143232	0.632794209735	-0.763295783045	0.059718587775
-0.292252094672	0.711151873110	0.639415144122	-1.316514455970
0.947437426666	0.306324177138	0.092346202160	2.970923273301
0.000000000000	0.000000000000	0.000000000000	1.000000000000
10	22	60
-0.824327863190	0.344998838759	-0.448842260960	-0.625666314155
-0.292948152452	0.418483347486	0.859681957384	-1.114690798912
0.484422288859	0.840147302044	-0.243900711201	3.327877160832
0.000000000000	0.000000000000	0.000000000000	1.000000000000
10	28	60
-0.676804539539	-0.238152066570	0.696576778574	-0.066774063916
0.246222911607	0.818499071629	0.519069886953	-1.169665447669
-0.693765012854	0.522822018406	-0.495325392051	3.040463972276
0.000000000000	0.000000000000	0.000000000000	1.000000000000
10	29	60
-0.926419389485	-0.154110058449	0.343507211963	-0.432086659347
0.159109901564	0.666647476189	0.728193093702	-1.089937860900
-0.341220096140	0.729267599976	-0.593074711664	3.097022188022
0.000000000000	0.000000000000	0.000000000000	1.000000000000
10	43	60
0.624549347458	0.213633683377	-0.751198217461	1.276949053855
-0.239175904252	0.967963669559	0.076427882602	-0.040431284018
0.743460153213	0.131935528726	0.655637107587	-0.243523805413
0.000000000000	0.000000000000	0.000000000000	1.000000000000
10	44	60
0.606952261759	0.090085889424	-0.789616036104	1.246479306288
-0.172993475951	0.984706869138	-0.020631023972	0.240825325227
0.775681770589	0.149120469415	0.613254332539	-0.214850947241
0.000000000000	0.000000000000	0.000000000000	1.000000000000
10	45	60
0.719775490166	0.043224648796	-0.692859923428	0.959840216440
-0.147911131570	0.984691126298	-0.092226259537	0.357666846253
0.678266570689	0.168863896458	0.715149944808	-0.493006492867
0.000000000000	0.000000000000	0.000000000000	1.000000000000
11	13	60
0.937931791784	0.211983920087	-0.274493664018	0.691273452074
-0.138801215235	0.954746254104	0.263047168628	-0.430528439506
0.317833567470	-0.208620248055	0.924910490529	1.375307100911
0.000000000000	0.000000000000	0.000000000000	1.000000000000
11	18	60
0.550994168356	0.588418515753	-0.591750856998	0.943078659653
-0.283856324423	0.798969115660	0.530164068291	-1.060595788604
0.784749013076	-0.124145086659	0.607253640528	2.348268235732
0.000000000000	0.000000000000	0.000000000000	1.000000000000
11	20	60
0.610694507904	0.453031527500	-0.649472596116	0.596064968026
-0.315904806267	0.891468375336	0.324789607521	-1.255818133036
0.726124212096	0.006824285114	0.687529677716	2.791824326154
0.000000000000	0.000000000000	0.000000000000	1.000000000000
11	21	60
0.001041410713	0.687784411842	-0.725914263733	0.468164908623
-0.369741720488	0.674737183130	0.638765053703	-1.132697140856
0.929133992272	0.267735572029	0.255005270290	2.843099883042
0.000000000000	0.000000000000	0.000000000000	1.000000000000
11	22	60
-0.501400601722	0.615267024872	-0.608312357837	0.522718125750
-0.373842242030	0.479999502152	0.793626143727	-0.944707432253
0.780281625227	0.625337481716	-0.010659235179	2.740313276512
0.000000000000	0.000000000000	0.000000000000	1.000000000000
11	23	60
-0.662048910120	0.264616559026	-0.701191355693	0.632054839330
-0.278327290916	0.781876414716	0.557855887521	-1.025871681698
0.695862888607	0.564488572781	-0.443990418206	2.534973933344
0.000000000000	0.000000000000	0.000000000000	1.000000000000
11	44	60
0.898068467080	-0.015663765520	-0.439576699662	0.569103408617
-0.057627956544	0.986561453824	-0.152890537488	0.673709133272
0.436064269415	0.162638077578	0.885097061718	-1.189292019951
0.000000000000	0.000000000000	0.000000000000	1.000000000000
11	45	60
0.922967185114	-0.075061109885	-0.377488284568	0.426560007422
-0.029429284883	0.964163127184	-0.263672868096	0.954507508347
0.383751863050	0.254470615124	0.887681932701	-1.259347872773
0.000000000000	0.000000000000	0.000000000000	1.000000000000
12	19	60
0.852124295415	0.384150425730	-0.355404889632	0.612976556309
-0.287291432423	0.911001869538	0.295870286705	-1.367729282679
0.437433215497	-0.150013479760	0.886649952276	1.876435751358
0.000000000000	0.000000000000	0.000000000000	1.000000000000
12	20	60
0.694534924025	0.408322364130	-0.592363137155	0.698888291367
-0.361802391288	0.909887194080	0.202988481712	-1.272961220892
0.621868369486	0.073335809810	0.779680440971	1.741945806198
0.000000000000	0.000000000000	0.000000000000	1.000000000000
12	22	60
-0.392256907728	0.661556019395	-0.639122954948	0.578857165507
-0.515039895599	0.417726710434	0.748490682194	-0.946017578880
0.762147245800	0.622774460452	0.176871555452	1.713447235031
0.000000000000	0.000000000000	0.000000000000	1.000000000000
13	19	60
0.959157983252	0.193137956350	-0.206672913031	0.480748920534
-0.170099533712	0.977577179507	0.124133020339	-1.168812828555
0.226013521265	-0.083908211306	0.970503632286	1.275621196300
0.000000000000	0.000000000000	0.000000000000	1.000000000000
13	20	60
0.850465930223	0.310499566642	-0.424614790893	0.490108471347
-0.301328307670	0.949208841478	0.090574975888	-1.156629143074
0.431171604500	0.050917525228	0.900832089292	1.150899970011
0.000000000000	0.000000000000	0.000000000000	1.000000000000
13	21	60
0.404039547381	0.640881642670	-0.652704193522	0.334727171641
-0.525133525691	0.746754246594	0.408157904970	-1.025021366762
0.748990536887	0.177844919193	0.638266684365	1.199505931509
0.000000000000	0.000000000000	0.000000000000	1.000000000000
13	22	60
-0.198123532508	0.713969830752	-0.671560977606	0.375485931280
-0.611911104083	0.445136485730	0.653772368468	-0.851039100795
0.765710040790	0.540463310363	0.348694054416	1.222992597398
0.000000000000	0.000000000000	0.000000000000	1.000000000000
14	19	60
0.996841132748	-0.007743541541	0.079042985937	0.390077265180
-0.013364589031	0.964688862620	0.263052819974	-0.879814571267
-0.078288848640	-0.263278248058	0.961538049314	1.063613444070
0.000000000000	0.000000000000	0.000000000000	1.000000000000
14	22	60
0.199600041368	0.737355760317	-0.645342007166	0.213050524618
-0.517627971571	0.638545741567	0.569491544252	-0.528703235345
0.831998261136	0.220376538348	0.509129722971	0.997420066078
0.000000000000	0.000000000000	0.000000000000	1.000000000000
15	19	60
0.819927369251	-0.328403560515	0.468903199600	0.475518496193
0.184807140246	0.927080823076	0.326140258783	-0.751453935067
-0.541816786440	-0.180754665020	0.820830263213	0.792421608055
0.000000000000	0.000000000000	0.000000000000	1.000000000000
15	22	60
0.630101638953	0.614943849166	-0.474147642578	0.320661960321
-0.427357861467	0.784443670867	0.449458991989	-0.473851542278
0.648334159852	-0.080574124943	0.757080330981	0.883414961410
0.000000000000	0.000000000000	0.000000000000	1.000000000000
15	23	60
0.532792984193	0.329023199199	-0.779663626434	0.110255538592
-0.396320394957	0.911052250981	0.113639520077	-0.518783993551
0.747704340322	0.248450257338	0.615800851812	0.631458868289
0.000000000000	0.000000000000	0.000000000000	1.000000000000
16	22	60
0.425072777322	0.724889825196	-0.542077370222	0.050630424655
-0.541462725722	0.683544176892	0.489474692798	-0.117210105369
0.725349054341	0.085452323336	0.683056842293	0.776019473171
0.000000000000	0.000000000000	0.000000000000	1.000000000000
17	19	60
0.862728703899	-0.252108371741	0.438338399375	0.523777816696
0.243629010827	0.966841312168	0.076568806766	-0.515802955616
-0.443107310425	0.040733843226	0.895542665351	0.643736413816
0.000000000000	0.000000000000	0.000000000000	1.000000000000
17	20	60
0.949198292875	-0.109054557843	0.295177411426	0.421283715450
0.148289816010	0.982361048056	-0.113916204857	-0.415233529570
-0.277547709899	0.151900871212	0.948627110120	0.538518102347
0.000000000000	0.000000000000	0.000000000000	1.000000000000
17	23	60
0.386439000993	0.366328760161	-0.846444409274	0.343848599871
-0.594103563336	0.800850496745	0.075362045452	-0.311335811700
0.705482710308	0.473752806158	0.527117087671	0.616706359293
0.000000000000	0.000000000000	0.000000000000	1.000000000000
18	22	60
0.461223633700	0.680964390203	-0.568823574575	0.070233014021
-0.684754996665	0.680865772433	0.259869956848	-0.192987963682
0.564254689179	0.269646619124	0.780325154365	0.554526618198
0.000000000000	0.000000000000	0.000000000000	1.000000000000
19	21	60
-0.010831401830	0.765765672221	-0.643028472140	0.830891890206
-0.985966069552	0.098958438274	0.134454963417	-1.135542297542
0.166594088813	0.635460591022	0.753947111428	0.237723376796
0.000000000000	0.000000000000	0.000000000000	1.000000000000
20	22	60
-0.433936099443	-0.644239922513	0.629805036373	-1.836522205753
0.896249938092	-0.379942550971	0.228866132121	-0.481235689779
0.091845032910	0.663776001527	0.742270779249	0.450854912753
0.000000000000	0.000000000000	0.000000000000	1.000000000000
21	23	60
0.717644259824	0.230677681725	-0.657095520830	-0.185186518925
-0.443288032064	0.879021174177	-0.175549126964	0.035212238018
0.537105610630	0.417264403589	0.733081155485	-0.137199636487
0.000000000000	0.000000000000	0.000000000000	1.000000000000
22	31	60
0.942778475904	0.118633628994	-0.311600397054	-1.077949797907
-0.220454283748	0.922917974777	-0.315630037562	-0.581870702004
0.250137270613	0.366262848110	0.896260493353	0.179887634841
0.000000000000	0.000000000000	0.000000000000	1.000000000000
22	32	60
0.998106269601	-0.048784505612	0.037469275351	-1.023977357975
0.054658191682	0.982801717212	-0.176389531229	-0.746970472927
-0.028219792081	0.178103499846	0.983607028583	0.051281944559
0.000000000000	0.000000000000	0.000000000000	1.000000000000
22	42	60
0.301896926461	-0.509627822182	0.805690839374	-3.467365190534
0.786816612385	0.610400270397	0.091275015056	-1.648123557383
-0.538310193353	0.606375290358	0.585261602170	0.941945099726
0.000000000000	0.000000000000	0.000000000000	1.000000000000
22	43	60
-0.761239271292	-0.645417610182	0.062856028425	-0.632725251681
0.508392492778	-0.533819251124	0.675702656808	-2.096826328670
-0.402556635928	0.546326931056	0.734489645450	-0.103948933841
0.000000000000	0.000000000000	0.000000000000	1.000000000000
23	24	60
0.859638106813	0.111622840789	-0.498560594843	-0.010861197591
-0.137421430843	0.990395920996	-0.015207564570	-0.045424872903
0.492074867942	0.081585912321	0.866721445016	0.097095997448
0.000000000000	0.000000000000	0.000000000000	1.000000000000
23	30	60
