0	1	37
0.960619123305	0.052854420928	0.272795363102	-0.125783199219
0.014641216235	0.970751019479	-0.239641592732	0.038755921654
-0.277482494454	0.234198352617	0.931748140273	-0.105437036151
0.000000000000	0.000000000000	0.000000000000	1.000000000000
0	12	37
0.996983770523	-0.048068202433	-0.060932825534	-0.983226076535
0.052958370866	0.995276864341	0.081359537017	-0.108916171144
0.056734224838	-0.084341041156	0.994820494616	0.617128295803
0.000000000000	0.000000000000	0.000000000000	1.000000000000
2	3	37
0.661833463805	-0.301660388959	0.686277987350	-0.227970141873
0.299724312303	0.945589278658	0.126594836785	0.002494998429
-0.687125754722	0.121909498478	0.716237580261	0.023825953446
0.000000000000	0.000000000000	0.000000000000	1.000000000000
3	4	37
0.882631493852	0.110969428726	0.456779412790	-0.200001303759
0.125142352168	0.881195416940	-0.455888175827	0.095823099409
-0.453101575538	0.459543711798	0.763883851899	-0.229836559258
0.000000000000	0.000000000000	0.000000000000	1.000000000000
4	5	37
0.977876349224	-0.122626711285	0.169471340668	-0.085974724619
0.028138990800	0.879903891694	0.474317761188	0.078290759958
-0.207282519343	-0.459055368186	0.863887797179	-0.009690761501
0.000000000000	0.000000000000	0.000000000000	1.000000000000
5	6	37
0.785468531744	-0.360975839762	0.502728185750	0.048541445594
0.339037904713	0.930531423582	0.138436154576	-0.008778411063
-0.517776481512	0.061706667662	0.853287643388	0.062444942599
0.000000000000	0.000000000000	0.000000000000	1.000000000000
6	7	37
0.817544371397	-0.348927406290	0.458116651015	0.054996533236
0.356180778786	0.931494462101	0.073846597069	0.151768003113
-0.452500224996	0.102799475752	0.885819289790	-0.321162310788
0.000000000000	0.000000000000	0.000000000000	1.000000000000
7	8	37
0.832700141819	-0.139171412370	0.535949430258	0.018027911227
0.281111551090	0.940143361553	-0.192631138637	0.117201557777
-0.477060551354	0.311065552107	0.821980202094	-0.263008779798
0.000000000000	0.000000000000	0.000000000000	1.000000000000
8	9	37
0.946996171218	0.148938710917	0.284632240073	-0.162130448587
0.023389095371	0.851710811819	-0.523489869289	-0.084259573534
-0.320392262572	0.502400192496	0.803083336064	-0.023010175896
0.000000000000	0.000000000000	0.000000000000	1.000000000000
8	10	37
0.758999347445	-0.294236769820	0.580813837527	-0.112618262130
0.270613554646	0.953922257117	0.129617249699	-0.052024071404
-0.592189407723	0.058796689222	0.803650828854	0.119170918741
0.000000000000	0.000000000000	0.000000000000	1.000000000000
8	15	37
0.913421884206	-0.281298661453	0.294162411803	0.130276671374
0.210672012279	0.945143558874	0.249641655901	-0.318222508490
-0.348249572426	-0.166056364478	0.922576565452	0.774300890483
0.000000000000	0.000000000000	0.000000000000	1.000000000000
8	16	37
0.923234774418	-0.191485521671	0.333122869667	0.575874128837
0.170660962332	0.981119801275	0.090987754575	-0.582742852372
-0.344256281338	-0.027151989558	0.938483021808	1.069337447188
0.000000000000	0.000000000000	0.000000000000	1.000000000000
10	14	37
0.747414079573	-0.298234998855	0.593656532950	-0.469383077720
0.345746211784	0.937646767929	0.035750463332	-0.176953558552
-0.567302168771	0.178534097723	0.803924017092	0.339183348134
0.000000000000	0.000000000000	0.000000000000	1.000000000000
10	15	37
0.938533889461	0.176191458090	-0.296834479852	-0.203638799710
-0.115526178250	0.970660934704	0.210881606546	-0.301627246858
0.325281171407	-0.163627381377	0.931352908189	0.674036870764
0.000000000000	0.000000000000	0.000000000000	1.000000000000
10	16	37
0.900933887111	0.195341320481	-0.387504709092	-0.055033687093
-0.181853215867	0.980717077398	0.071578083083	-0.728020312880
0.394014643045	0.005981856888	0.919084696018	1.214249896114
0.000000000000	0.000000000000	0.000000000000	1.000000000000
11	12	37
0.857175395580	0.016157334703	0.514771096456	-0.342649771926
0.177080124894	0.929324270225	-0.324035538387	0.110016110447
-0.483624824197	0.368911020851	0.793732756106	-0.195576570875
0.000000000000	0.000000000000	0.000000000000	1.000000000000
11	13	37
0.802157420219	-0.084263095292	0.591137212464	-0.347514025281
0.309736845189	0.905104847876	-0.291287317067	0.241047783535
-0.510496385806	0.416755258064	0.752135955101	-0.428664595773
0.000000000000	0.000000000000	0.000000000000	1.000000000000
12	13	37
0.990791634539	-0.098199717799	0.093213477307	0.133429264366
0.098708245557	0.995116053808	-0.000849536993	0.064412342890
-0.092674803406	0.010042652953	0.995645783366	-0.234094857940
0.000000000000	0.000000000000	0.000000000000	1.000000000000
14	15	37
0.489000538085	0.577294646615	-0.653918469492	-0.067215193326
-0.358830537714	0.816425798274	0.452426304626	-0.148710130183
0.795059192109	0.013409209623	0.606383603127	0.379398283225
0.000000000000	0.000000000000	0.000000000000	1.000000000000
15	16	37
0.998852169313	0.029606467819	-0.037653697315	0.276105820907
-0.036015965748	0.982470146533	-0.182907794758	-0.403479593982
0.031578379780	0.184053981851	0.982408742681	0.344593643456
0.000000000000	0.000000000000	0.000000000000	1.000000000000
16	17	37
0.689287833349	-0.432239877747	0.581421508789	-0.102289988395
0.403835243065	0.895517727428	0.186989562062	-0.153004906302
-0.601497613675	0.105908866232	0.791823170157	0.395632752535
0.000000000000	0.000000000000	0.000000000000	1.000000000000
17	18	37
0.955979428609	0.204554332020	-0.210382645026	-0.032130391057
-0.274997425645	0.874677872673	-0.399142875352	-0.320352239890
0.102370640151	0.439427063695	0.892425967645	0.405915982717
0.000000000000	0.000000000000	0.000000000000	1.000000000000
17	19	37
0.927388013906	0.214870363609	-0.306238793275	-0.077242294699
-0.300891806337	0.914844850009	-0.269300986429	-0.700977595412
0.222296182027	0.341891250626	0.913068880316	0.842914579408
0.000000000000	0.000000000000	0.000000000000	1.000000000000
18	19	37
0.990884323325	-0.006556947522	-0.134555803394	0.132120797207
0.021296547138	0.993879418847	0.108398145151	-0.178145893853
0.133021482731	-0.110275596717	0.984959175753	0.530590742664
0.000000000000	0.000000000000	0.000000000000	1.000000000000
19	20	37
0.763590964586	-0.501612553191	0.406587856784	0.097901795043
0.353869636414	0.851796612464	0.386288508007	-0.101511312363
-0.540097323848	-0.151087317387	0.827929648761	0.469350812015
0.000000000000	0.000000000000	0.000000000000	1.000000000000
20	21	37
0.401240837111	-0.530829089329	0.746475899515	-0.126054437418
0.700400959400	0.702995316276	0.123434522585	-0.158073275182
-0.590291696288	0.473305465018	0.653863632631	0.193089015161
0.000000000000	0.000000000000	0.000000000000	1.000000000000
21	22	37
0.942900963815	-0.032201250523	0.331512973958	-0.211453510618
0.166604909037	0.907448870365	-0.385719265734	-0.074966762813
-0.288410431022	0.418926756293	0.860999300894	0.031797598281
0.000000000000	0.000000000000	0.000000000000	1.000000000000
21	28	37
0.613083995361	-0.457216992196	0.644267519498	0.083556069550
0.555920649637	0.829111583104	0.059381933871	-0.509719505559
-0.561320092228	0.321755504709	0.762491409296	0.571630358755
0.000000000000	0.000000000000	0.000000000000	1.000000000000
22	23	37
0.988324400035	0.122209495780	-0.090992963670	-0.066297552229
-0.152115188885	0.825562950062	-0.543421369469	-0.110351680029
0.008709167963	0.550918010802	0.834513927845	0.255080427333
0.000000000000	0.000000000000	0.000000000000	1.000000000000
22	29	37
0.965223903035	0.168220191203	-0.200111929384	0.065893554216
-0.141578690893	0.979861515431	0.140807971589	-0.362273349315
0.219768722286	-0.107579634922	0.969602150810	0.958284493768
0.000000000000	0.000000000000	0.000000000000	1.000000000000
23	28	37
0.768567024596	-0.528695619515	0.360257783552	0.103714930079
0.033942533562	0.596009237839	0.802259866144	0.208047444442
-0.638868243944	-0.604362416366	0.476018315367	0.413599689893
0.000000000000	0.000000000000	0.000000000000	1.000000000000
23	29	37
0.978423546615	0.023806748329	-0.205233043544	0.153637913698
0.110922176995	0.777519348018	0.618999139021	0.199574830684
0.174309018927	-0.628408228934	0.758102541698	0.706967457482
0.000000000000	0.000000000000	0.000000000000	1.000000000000
23	30	37
0.856331987185	-0.118812824687	-0.502572423053	0.277994545800
0.202131389276	0.972645789836	0.114468637557	0.107249075315
0.475224609203	-0.199608817953	0.856923503355	0.674356218965
0.000000000000	0.000000000000	0.000000000000	1.000000000000
24	27	37
0.858906018128	0.175150629230	0.481251191274	-0.068489874050
0.197915836613	0.753172913984	-0.627343512965	0.006172600519
-0.472344973130	0.634076350861	0.612239665195	-0.183915219432
0.000000000000	0.000000000000	0.000000000000	1.000000000000
24	28	37
0.953198985376	-0.198837026920	0.227762005182	0.052729298182
0.143302457281	0.960450237430	0.238746198206	0.019569557424
-0.266225656194	-0.194933778874	0.943994026378	0.013722258007
0.000000000000	0.000000000000	0.000000000000	1.000000000000
25	27	37
0.926661801747	0.005317003140	-0.375858530116	0.124337408880
-0.287013278446	0.655699243351	-0.698342237205	0.017368259810
0.242737065936	0.755003464725	0.609137492750	-0.203021514987
0.000000000000	0.000000000000	0.000000000000	1.000000000000
26	27	37
0.765000047123	-0.142288006265	-0.628115475987	0.143550781798
-0.057925474056	0.956134449949	-0.287143784674	-0.022405407009
0.641419961770	0.256048895516	0.723200799051	-0.041113816195
0.000000000000	0.000000000000	0.000000000000	1.000000000000
28	29	37
0.648520565247	0.430124672734	-0.628023759389	-0.139247070845
-0.545649266580	0.837948596356	0.010441635191	-0.209937502588
0.530742832578	0.335909088549	0.778124109572	0.140513273605
0.000000000000	0.000000000000	0.000000000000	1.000000000000
28	30	37
0.368998175646	0.032591202728	-0.928858525220	0.005127461981
-0.593782307332	0.777110445874	-0.208619094073	-0.288794849041
0.715026515500	0.628519823409	0.306104416358	0.149533922821
0.000000000000	0.000000000000	0.000000000000	1.000000000000
29	30	37
0.946119797746	-0.042685095867	-0.320991138358	0.094089249304
-0.124840756417	0.866562436646	-0.483202161556	-0.005515045828
0.298784393586	0.497239907877	0.814543037637	-0.111211234520
0.000000000000	0.000000000000	0.000000000000	1.000000000000
30	31	37
0.950849926995	0.226564061896	-0.211076152587	-0.089651049813
0.054428889168	0.548754614356	0.834209727375	0.225823322537
0.304830957020	-0.804696898888	0.509451654784	0.527336812039
0.000000000000	0.000000000000	0.000000000000	1.000000000000
31	32	37
0.773821248744	0.345964709905	-0.530574306287	0.031413825162
-0.526723589464	0.816717306581	-0.235658866656	-0.364809795975
0.351799566933	0.461823841558	0.814220979879	0.108719774880
0.000000000000	0.000000000000	0.000000000000	1.000000000000
31	33	37
0.400749233455	0.302840051781	-0.864689513596	0.244870511610
-0.716103712948	0.692239461935	-0.089442717096	-0.565912061729
0.571485366556	0.655051471547	0.494279319248	0.184084126971
0.000000000000	0.000000000000	0.000000000000	1.000000000000
31	34	37
0.024825637550	0.778540521798	-0.627103136364	0.070905897376
-0.695673880274	0.463947062693	0.548444140568	-0.630113327388
0.717928645497	0.422643796756	0.553128087371	0.420192315871
0.000000000000	0.000000000000	0.000000000000	1.000000000000
32	33	37
0.910242884512	0.119490818580	-0.396459122068	0.195050092521
-0.200812464527	0.964715110770	-0.170291247990	-0.010880833784
0.362121865242	0.234620330164	0.902120310927	-0.048730025729
0.000000000000	0.000000000000	0.000000000000	1.000000000000
32	34	37
0.664911128336	0.501519493149	-0.553508255952	0.266217443727
-0.253941272094	0.848695084268	0.463929395777	-0.031423981992
0.702429371355	-0.167913227383	0.691663304164	0.264114123688
0.000000000000	0.000000000000	0.000000000000	1.000000000000
32	35	37
0.504695214539	0.141023849955	-0.851701247014	0.387557687412
-0.340397586028	0.939145535288	-0.046207650620	-0.180437601129
0.793355042744	0.313237828643	0.521986435512	0.149683054709
0.000000000000	0.000000000000	0.000000000000	1.000000000000
32	36	37
0.530833297242	0.349990497971	-0.771830720994	0.562549529775
-0.406683611165	0.904225490297	0.130325374000	-0.149685580173
0.743521654661	0.244709856827	0.622328398052	0.177600846874
0.000000000000	0.000000000000	0.000000000000	1.000000000000
33	34	37
0.917437104918	0.229696977657	-0.324882220158	0.093675525768
-0.017629456046	0.839196920867	0.543541838579	0.074070129840
0.397490076353	-0.492937953968	0.773959826308	0.246247254002
0.000000000000	0.000000000000	0.000000000000	1.000000000000
33	35	37
0.846304196600	0.030160180394	-0.531845438390	0.175360040574
-0.063016054492	0.997053841868	-0.043733434485	-0.019123505814
0.528959529354	0.070526590263	0.845711426180	0.105331317957
0.000000000000	0.000000000000	0.000000000000	1.000000000000
33	36	37
0.848390621728	0.159025238740	-0.504920118839	0.104057451181
-0.100777768231	0.984886970231	0.140859849852	-0.005114497426
0.519689517303	-0.068619452881	0.851595077658	0.089141782462
0.000000000000	0.000000000000	0.000000000000	1.000000000000
34	35	37
0.983521658381	0.083839353443	-0.160175248745	0.006473144189
-0.161223562234	0.807624657078	-0.567229562223	0.004448649747
0.081805320590	0.583706583905	0.807833221296	-0.191128480112
0.000000000000	0.000000000000	0.000000000000	1.000000000000
34	36	37
0.985246216104	0.110709062029	-0.130512057824	-0.055556576946
-0.154847823321	0.901414823444	-0.404318522565	-0.006134229081
0.072883779167	0.418562802529	0.905258601215	-0.170263450190
0.000000000000	0.000000000000	0.000000000000	1.000000000000
35	36	37
0.999865563376	0.015985608078	0.003649042272	-0.048597614730
-0.016390549336	0.980565541382	0.195505930721	0.020090943735
-0.000452843926	-0.195539457371	0.980695730358	0.036854790071
0.000000000000	0.000000000000	0.000000000000	1.000000000000
