0	1	55
0.988251335850	0.101717374226	0.114073980258	-0.336953932785
-0.097096451985	0.994240226058	-0.045372369334	0.102969063994
-0.118032098190	0.033763125859	0.992435627700	-0.162332409017
0.000000000000	0.000000000000	0.000000000000	1.000000000000
0	2	55
0.997980478193	0.005104966953	-0.063315909998	-0.534327050588
0.009831145662	0.972341983495	0.233354699348	-0.028643347590
0.062755985543	-0.233505902378	0.970328129981	-0.402101889448
0.000000000000	0.000000000000	0.000000000000	1.000000000000
0	3	55
0.996484011896	0.083762422685	0.001862949773	-0.592898452278
-0.082608436875	0.985980042329	-0.144980006501	0.044790929350
-0.013980707881	0.144316363154	0.989432831037	-0.135975481282
0.000000000000	0.000000000000	0.000000000000	1.000000000000
0	10	55
0.897141566845	-0.058772131232	0.437815995173	-0.470822405874
-0.037369082730	0.977459893031	0.207787654041	-0.247274455423
-0.440159699081	-0.202775723662	0.874723639327	-0.381686807399
0.000000000000	0.000000000000	0.000000000000	1.000000000000
0	19	55
0.047992254316	-0.165508490200	0.985039939900	-1.798284206666
0.168500182095	0.973384300774	0.155340566627	-0.610207157891
-0.984532595783	0.158524265265	0.074603117647	2.334750135161
0.000000000000	0.000000000000	0.000000000000	1.000000000000
0	35	55
0.918518535119	-0.007421084523	0.395308269769	-2.095417949841
-0.020155437508	0.997644992856	0.065560861565	0.126952970677
-0.394863848664	-0.068186477654	0.916205842201	-0.064377981354
0.000000000000	0.000000000000	0.000000000000	1.000000000000
0	36	55
0.345411502449	-0.220929076001	0.912075236673	-1.601612329381
0.169525821740	0.970594244692	0.170902919620	-0.028339053345
-0.923012399559	0.095588469747	0.372707599483	0.506154508906
0.000000000000	0.000000000000	0.000000000000	1.000000000000
0	43	55
0.996900188141	0.027194055649	0.073827489607	0.347807029699
-0.067203701100	0.782260360664	0.619316066877	-0.493024045220
-0.040910603060	-0.622357784133	0.781663041909	-0.661364168629
0.000000000000	0.000000000000	0.000000000000	1.000000000000
0	44	55
0.976012472520	-0.176187473588	0.127896941467	0.389424305955
0.128505397196	0.940409440659	0.314827646198	-0.349491585169
-0.175744178786	-0.290840262120	0.940492384633	-0.711861670872
0.000000000000	0.000000000000	0.000000000000	1.000000000000
0	45	55
0.998539804825	0.053784118293	-0.005052405333	0.316285854300
-0.052088753837	0.983394772384	0.173843272435	-0.113297014413
0.014318516122	-0.173326253829	0.984760371781	-0.661324417406
0.000000000000	0.000000000000	0.000000000000	1.000000000000
0	54	55
0.885287022687	0.250999217358	-0.391492375848	0.095796229458
-0.155834725825	0.953280371254	0.258789628868	-0.060753820349
0.438157991698	-0.168094992990	0.883041135872	-0.247555498016
0.000000000000	0.000000000000	0.000000000000	1.000000000000
1	2	55
0.977529209212	-0.067787764684	-0.199603266748	-0.170187581012
0.119052207106	0.958951175509	0.257369801982	-0.160152930493
0.173963263710	-0.275349708459	0.945473067269	-0.255751036728
0.000000000000	0.000000000000	0.000000000000	1.000000000000
1	3	55
0.993733914621	-0.026956937230	-0.108472256674	-0.219059991519
0.015444409013	0.994288101045	-0.105606071560	-0.100648967422
0.110699490347	0.103269045001	0.988474140877	0.005295728944
0.000000000000	0.000000000000	0.000000000000	1.000000000000
1	10	55
0.940347543282	-0.142220470305	0.309062834502	-0.087367653572
0.048730157818	0.955370165436	0.291364408799	-0.396056064841
-0.336707394578	-0.258923125313	0.905310413955	-0.201946841761
0.000000000000	0.000000000000	0.000000000000	1.000000000000
1	11	55
0.914122906578	0.274528011489	-0.298351608976	-0.469130782203
-0.157693088927	0.918678568433	0.362163744191	-0.426110288072
0.373513321549	-0.284014187691	0.883076293315	0.178824678040
0.000000000000	0.000000000000	0.000000000000	1.000000000000
1	35	55
0.957074433574	-0.118201821395	0.264644777047	-1.723513222734
0.079319077073	0.985022243143	0.153100178074	-0.225311845694
-0.278777711827	-0.125536886743	0.952115264795	-0.118446215067
0.000000000000	0.000000000000	0.000000000000	1.000000000000
1	43	55
0.994048570144	0.016836767672	-0.107628822579	0.857803744851
0.056145390015	0.767477713692	0.638612287829	-0.488270845395
0.093354889404	-0.640854493813	0.761964817025	-0.400933480675
0.000000000000	0.000000000000	0.000000000000	1.000000000000
1	44	55
0.973765144175	-0.225970691102	-0.026808408253	0.857724690604
0.220322000890	0.906778435207	0.359459434940	-0.397280328314
-0.056918010451	-0.355935550637	0.932775548500	-0.433626690059
0.000000000000	0.000000000000	0.000000000000	1.000000000000
1	45	55
0.991627268899	-0.036916318270	-0.123743868623	0.669345864844
0.063384244990	0.974033421093	0.217350712168	-0.202133110637
0.112506875628	-0.223374304786	0.968218014136	-0.402133523887
0.000000000000	0.000000000000	0.000000000000	1.000000000000
1	54	55
0.839751593167	0.161382828826	-0.518433066397	0.467306993029
-0.041432998947	0.971070385218	0.235171455648	-0.097315092917
0.541387632267	-0.176005367854	0.822144477641	-0.033683767102
0.000000000000	0.000000000000	0.000000000000	1.000000000000
2	3	55
0.994000581804	0.100586423952	0.042955962224	0.012145763444
-0.078949170594	0.931648327620	-0.354680732638	-0.039745612584
-0.075695916908	0.349161517007	0.934000194435	0.275591460912
0.000000000000	0.000000000000	0.000000000000	1.000000000000
2	10	55
0.855960966604	-0.080635042702	0.510714023245	0.017312033291
0.087075960616	0.996137164574	0.011336950078	-0.245502499430
-0.509655374477	0.034766927427	0.859675904061	-0.008976284487
0.000000000000	0.000000000000	0.000000000000	1.000000000000
2	11	55
0.935627484366	0.333325813958	-0.116168464944	-0.215303614658
-0.320229078717	0.939969775947	0.117941330541	-0.344767257527
0.148507735968	-0.073148629892	0.986202175166	0.404596940127
0.000000000000	0.000000000000	0.000000000000	1.000000000000
2	34	55
0.952367397950	-0.053092459060	0.300295737753	-1.710114921323
0.034632365426	0.997187273001	0.066469104325	0.277955569452
-0.302980096024	-0.052903056204	0.951527365900	0.099902333413
0.000000000000	0.000000000000	0.000000000000	1.000000000000
2	35	55
0.898049758357	-0.012288967166	0.439722199578	-1.502106805250
0.086678695747	0.984955368599	-0.149498246048	0.043282827921
-0.431269562129	0.172371410489	0.885604122408	0.431741184687
0.000000000000	0.000000000000	0.000000000000	1.000000000000
2	43	55
0.992649627865	-0.010407234043	0.120575311651	0.886876349380
-0.039414520513	0.914178841654	0.403390060668	-0.331011448784
-0.114425573509	-0.405177411701	0.907049090830	-0.421468330648
0.000000000000	0.000000000000	0.000000000000	1.000000000000
2	44	55
0.961441134552	-0.184743407588	0.203717495918	0.860797880329
0.168317397826	0.981109553684	0.095358781763	-0.259746883142
-0.217486087785	-0.057392656524	0.974374612045	-0.432753169164
0.000000000000	0.000000000000	0.000000000000	1.000000000000
2	45	55
0.997034437806	0.034426550868	0.068826901886	0.804641925755
-0.031026216790	0.998273323199	-0.049877310077	-0.043955007197
-0.070425163824	0.047593957433	0.996381007204	-0.323697694157
0.000000000000	0.000000000000	0.000000000000	1.000000000000
2	46	55
0.838317599824	0.304363839998	-0.452312120917	0.561513729207
-0.305066354861	0.949490019106	0.073506617052	-0.167688960309
0.451838600562	0.076363319209	0.888825361093	0.153540033103
0.000000000000	0.000000000000	0.000000000000	1.000000000000
2	53	55
0.785578349387	0.276693523591	-0.553450405165	0.366612023559
-0.315779813036	0.948477291458	0.025960301755	-0.035262128509
0.532118188613	0.154374614465	0.832477454203	0.083496404495
0.000000000000	0.000000000000	0.000000000000	1.000000000000
2	54	55
0.911916895155	0.239495381062	-0.333240962040	0.644941753341
-0.243003148311	0.969504498270	0.031788327189	-0.040636586904
0.330691769239	0.051990290290	0.942305663505	0.100599688954
0.000000000000	0.000000000000	0.000000000000	1.000000000000
3	10	55
0.893938621339	-0.147103364649	0.423360769778	0.070169055150
-0.024984505285	0.926777491588	0.374778942286	-0.335423440462
-0.447492475662	-0.345606830364	0.824806888327	-0.179072876408
0.000000000000	0.000000000000	0.000000000000	1.000000000000
3	35	55
0.918795616139	-0.094749602039	0.383193330679	-1.526703048025
0.004863720492	0.973408134661	0.229026084975	-0.053551505001
-0.394703635639	-0.208564417601	0.894823962422	0.063881061984
0.000000000000	0.000000000000	0.000000000000	1.000000000000
3	45	55
0.998757642311	-0.039926247788	-0.029817220919	0.888839715298
0.047252473120	0.948817059184	0.312271343524	-0.149935047939
0.015823264827	-0.313292328249	0.949524902965	-0.491352954864
0.000000000000	0.000000000000	0.000000000000	1.000000000000
3	54	55
0.899439684973	0.151852928949	-0.409815740382	0.660721670656
-0.006534472246	0.942264821452	0.334804878888	-0.028189757177
0.436996056925	-0.298458865213	0.848502652918	-0.129420748150
0.000000000000	0.000000000000	0.000000000000	1.000000000000
4	5	55
0.920119233738	-0.028899962145	0.390570592714	0.216822630724
0.018188799589	0.999350880149	0.031096397148	-0.026995552276
-0.391215750290	-0.021508382879	0.920047621697	0.108931669044
0.000000000000	0.000000000000	0.000000000000	1.000000000000
4	6	55
0.895245142631	-0.150421575044	0.419415646296	0.402701194392
0.105821449890	0.986138703423	0.127797802620	0.029680807776
-0.432825548391	-0.070027190237	0.898753713365	-0.309580982626
0.000000000000	0.000000000000	0.000000000000	1.000000000000
4	9	55
0.974729235348	0.190904003407	-0.116011116885	0.682149840875
-0.112151815079	0.867326429721	0.484940032048	-0.358407208408
0.193196501346	-0.459674369300	0.866818658127	-0.180499821141
0.000000000000	0.000000000000	0.000000000000	1.000000000000
4	10	55
0.805339226564	0.331197829781	-0.491667293711	0.541499904745
-0.153112055494	0.917446268756	0.367217976695	-0.301804226937
0.572700121023	-0.220454851373	0.789565848987	-0.252273051765
0.000000000000	0.000000000000	0.000000000000	1.000000000000
4	18	55
0.430745710998	-0.244157140298	0.868818406399	-2.418777337240
0.088154609976	0.969487474209	0.228741780379	0.074479071608
-0.898157501331	-0.021939193068	0.439126148858	-0.350897438194
0.000000000000	0.000000000000	0.000000000000	1.000000000000
4	19	55
0.918021759490	0.004493927225	0.396504544390	-2.341018695988
-0.079320595063	0.981806655661	0.172522271313	-0.128201647967
-0.388515498149	-0.189830175468	0.901676334490	-0.159660541869
0.000000000000	0.000000000000	0.000000000000	1.000000000000
4	20	55
0.566144173671	-0.041532050882	0.823259292913	-2.320121377014
0.034694240431	0.999045475962	0.026541413682	0.001366156739
-0.823575791472	0.013536089129	0.567044698408	-0.234725249837
0.000000000000	0.000000000000	0.000000000000	1.000000000000
4	36	55
0.986826536779	0.018570118804	0.160712591282	-0.712889209868
-0.052854311312	0.975887132012	0.211779903083	0.133316800220
-0.152904571824	-0.217484381650	0.964012829610	-0.808532674200
0.000000000000	0.000000000000	0.000000000000	1.000000000000
4	37	55
0.765751568555	-0.229366407802	0.600845725812	-0.156860722913
0.042417937132	0.950220701451	0.308676751867	-0.109905473225
-0.641736124793	-0.210883070695	0.737362242476	-0.125923327187
0.000000000000	0.000000000000	0.000000000000	1.000000000000
5	6	55
0.998901326648	-0.044670466040	0.014166477503	0.373878835052
0.042978581231	0.993747584046	0.103046498042	0.035122731897
-0.018681037884	-0.102324428496	0.994575653310	-0.315919761912
0.000000000000	0.000000000000	0.000000000000	1.000000000000
5	7	55
0.995515332583	0.087948506469	0.034846560834	0.704539752153
-0.094525674835	0.939416546591	0.329486644324	-0.022358039067
-0.003757577570	-0.331302900984	0.943516967738	-0.287190427483
0.000000000000	0.000000000000	0.000000000000	1.000000000000
5	8	55
0.971562730608	0.174149657957	-0.160429913441	0.643251683817
-0.053673259791	0.821882140455	0.567123380213	-0.359004425011
0.230618823336	-0.542385143449	0.807857236452	-0.099480292598
0.000000000000	0.000000000000	0.000000000000	1.000000000000
5	9	55
0.820725251051	0.381985358902	-0.424849676794	0.503461242588
-0.151667268043	0.862613905547	0.482591224290	-0.344294176059
0.550824020983	-0.331639013902	0.765903690007	-0.088867141071
0.000000000000	0.000000000000	0.000000000000	1.000000000000
5	37	55
0.956418145685	-0.099162856611	0.274647152677	-0.269804864222
0.026055626681	0.965800780614	0.257972782449	-0.045387727871
-0.290835752485	-0.239573746548	0.926293142068	-0.369145148263
0.000000000000	0.000000000000	0.000000000000	1.000000000000
5	38	55
0.962005943711	-0.114991234835	0.247631944982	0.275755382308
0.032389978445	0.948643064167	0.314685916595	-0.105960133364
-0.271100449208	-0.294708928806	0.916324829807	0.107774202562
0.000000000000	0.000000000000	0.000000000000	1.000000000000
5	39	55
0.934082381131	0.207064285316	-0.290885694058	0.669929478025
-0.080898882208	0.916220217229	0.392423093610	-0.148814407920
0.347772161218	-0.343023170190	0.872576431377	0.405563226072
0.000000000000	0.000000000000	0.000000000000	1.000000000000
5	40	55
0.919066755255	0.319285369010	-0.231026302661	0.982968017923
-0.100718241356	0.757033347935	0.645566685922	-0.367240613887
0.381014612899	-0.570050316420	0.727922043564	0.421474111180
0.000000000000	0.000000000000	0.000000000000	1.000000000000
5	41	55
0.912696220392	0.364623063901	-0.184487480751	0.852731684223
-0.088214476607	0.616628342736	0.782296422753	-0.570522293080
0.399003528053	-0.697724521718	0.594959390542	0.539658869646
0.000000000000	0.000000000000	0.000000000000	1.000000000000
6	7	55
0.987573560186	0.153898386609	0.031839438121	0.330113740022
-0.156964365834	0.955865984133	0.248359433557	-0.116288602398
0.007787880270	-0.250270867217	0.968144535668	0.039498672063
0.000000000000	0.000000000000	0.000000000000	1.000000000000
6	8	55
0.958830630097	0.226395706968	-0.171431638429	0.298403915615
-0.125951431306	0.880087001188	0.457802476285	-0.386706115623
0.254519271844	-0.417362976565	0.872369237223	0.161744576377
0.000000000000	0.000000000000	0.000000000000	1.000000000000
6	9	55
0.790890324987	0.431812247857	-0.433625041301	0.131523257726
-0.260645658111	0.878795103358	0.399728667001	-0.378119063926
0.553675297219	-0.203119051087	0.807580532415	0.175760725892
0.000000000000	0.000000000000	0.000000000000	1.000000000000
6	37	55
0.961643332029	-0.040783262020	0.271254175088	-0.645526733727
0.005932153109	0.991746195859	0.128079243278	-0.010791956007
-0.274238785592	-0.121557428971	0.953948048868	-0.066936610185
0.000000000000	0.000000000000	0.000000000000	1.000000000000
6	38	55
0.969102224098	-0.029997980231	0.244828512292	-0.112039152050
-0.018049443396	0.981291657645	0.191679159613	-0.162259083720
-0.245998164306	-0.190175718269	0.950430481066	0.398771010388
0.000000000000	0.000000000000	0.000000000000	1.000000000000
6	39	55
0.916952230009	0.251002168187	-0.310155637459	0.298856461040
-0.150870388525	0.937741419717	0.312856445695	-0.282398376499
0.369373434005	-0.240081114026	0.897732880616	0.708981417058
0.000000000000	0.000000000000	0.000000000000	1.000000000000
6	40	55
0.889591646482	0.388312205050	-0.240500174468	0.610678500456
-0.197049050449	0.801289689177	0.564895128087	-0.500016094103
0.412065982855	-0.455135656073	0.789337165187	0.702482775454
0.000000000000	0.000000000000	0.000000000000	1.000000000000
6	41	55
0.881128696748	0.444092369852	-0.162462878243	0.450444800587
-0.193847854796	0.652586528256	0.732498349711	-0.738332427071
0.431318013719	-0.613932235819	0.661099070385	0.800595232317
0.000000000000	0.000000000000	0.000000000000	1.000000000000
7	8	55
0.967380060499	0.079181198245	-0.240636980521	0.010197134150
-0.033530077680	0.981560635782	0.188187279524	-0.290538169602
0.251100681880	-0.173980045202	0.952197138953	0.053973303054
0.000000000000	0.000000000000	0.000000000000	1.000000000000
7	37	55
0.949418254781	-0.184792211070	0.253883469757	-0.987668375794
0.207846225180	0.975866850437	-0.066961458293	-0.033982612036
-0.235382506075	0.116343151695	0.964914165554	-0.109261720979
0.000000000000	0.000000000000	0.000000000000	1.000000000000
7	38	55
0.952373061904	-0.231521463361	0.198452419898	-0.399150136454
0.236630481562	0.971597471066	-0.002090314474	-0.223070879367
-0.192331916633	0.048950650883	0.980108293824	0.327020048647
0.000000000000	0.000000000000	0.000000000000	1.000000000000
7	39	55
0.931358910864	0.100650135882	-0.349914459978	-0.006584477105
-0.102788736488	0.994624595153	0.012505613485	-0.320559070479
0.349292219791	0.024320050665	0.936698179954	0.612794944785
0.000000000000	0.000000000000	0.000000000000	1.000000000000
7	40	55
0.915269042868	0.232740165504	-0.328807838301	0.356438121780
-0.134338324713	0.945835645874	0.295547196750	-0.471759848736
0.379783877594	-0.226333705742	0.896960010237	0.554065961351
0.000000000000	0.000000000000	0.000000000000	1.000000000000
7	41	55
0.913226314085	0.304813064074	-0.270382498013	0.212346764099
-0.135463277741	0.852977033138	0.504063370344	-0.764820112420
0.384275161370	-0.423697034340	0.820252048730	0.588422534403
0.000000000000	0.000000000000	0.000000000000	1.000000000000
8	9	55
0.933168823680	0.257901484392	-0.250365274869	-0.157833812743
-0.285577450017	0.954950369196	-0.080717485188	-0.033959661881
0.218269252424	0.146821717473	0.964780760963	0.037724881660
0.000000000000	0.000000000000	0.000000000000	1.000000000000
8	36	55
0.999649038025	0.011775496575	0.023730538473	-1.490495761054
-0.002341004653	0.931540060156	-0.363631181310	0.758748430974
-0.026387884967	0.363448007292	0.931240691509	-0.407288895100
0.000000000000	0.000000000000	0.000000000000	1.000000000000
8	37	55
0.853951817560	-0.213069355754	0.474729125845	-0.981417543512
0.356934597072	0.903706863753	-0.236456333850	0.236015188649
-0.378634370732	0.371369565317	0.847773943488	0.114435722010
0.000000000000	0.000000000000	0.000000000000	1.000000000000
8	38	55
0.870453585350	-0.224006720665	0.438328124637	-0.328033806236
0.328742258081	0.927314668684	-0.178930246174	0.013368120091
-0.366386521999	0.299847451783	0.880824853280	0.360796948696
0.000000000000	0.000000000000	0.000000000000	1.000000000000
8	39	55
0.991199778019	0.062698536917	-0.116584276485	0.152208097963
-0.083421984385	0.979681807026	-0.182385113162	-0.113134674965
0.102780214907	0.190505775373	0.976290826021	0.521372920750
0.000000000000	0.000000000000	0.000000000000	1.000000000000
8	40	55
0.986234993327	0.137411378199	-0.091970925182	0.444711547555
-0.124797252609	0.983476858730	0.131144630404	-0.278899482425
0.108472040999	-0.117861704909	0.987087855683	0.368097026720
0.000000000000	0.000000000000	0.000000000000	1.000000000000
8	41	55
0.982264848209	0.167248494292	-0.084756764503	0.369395123885
-0.133036218171	0.940216217470	0.313520061658	-0.519624189101
0.132125442769	-0.296684016361	0.945791447312	0.373987065701
0.000000000000	0.000000000000	0.000000000000	1.000000000000
8	42	55
0.575950608378	0.701538007941	-0.419672872751	0.235918963923
-0.516455992301	0.710201712433	0.478421086151	-0.525079249538
0.633682968624	-0.058804345691	0.771354616375	0.442642500866
0.000000000000	0.000000000000	0.000000000000	1.000000000000
9	10	55
0.917266521348	0.175130458058	-0.357703021339	-0.184952827276
-0.232231173248	0.964834884894	-0.123135401337	0.014626690825
0.323559594181	0.196017773559	0.925681490288	-0.033934090438
0.000000000000	0.000000000000	0.000000000000	1.000000000000
9	20	55
0.375259802682	-0.218409041726	0.900820498759	-2.971225640347
0.556438100606	0.830329807439	-0.030480339109	-0.327044815679
-0.741320929615	0.512688893356	0.433120512034	0.464467350565
0.000000000000	0.000000000000	0.000000000000	1.000000000000
9	36	55
0.936980245426	-0.147939665396	0.316515205139	-1.526989285311
0.222937879091	0.950689910030	-0.215609362118	0.406932258251
-0.269010635009	0.272584941567	0.923759020461	-0.160405427595
0.000000000000	0.000000000000	0.000000000000	1.000000000000
9	43	55
0.669996318880	0.517828944146	-0.531938076557	0.625262192452
-0.358225379537	0.853118954109	0.379292271995	-0.368688434402
0.650214972253	-0.063570706652	0.757086028872	0.318101867344
0.000000000000	0.000000000000	0.000000000000	1.000000000000
9	44	55
0.785989717150	0.182128669600	-0.590803954154	0.604567095497
-0.188206681154	0.980754285877	0.051954556142	-0.280820672722
0.588895924339	0.070357504537	0.805140616198	0.304028355506
0.000000000000	0.000000000000	0.000000000000	1.000000000000
9	45	55
0.669191558378	0.240634362073	-0.703048904405	0.482510490797
-0.385537406709	0.921245242865	-0.051653756163	-0.010930596954
0.635250790022	0.305617908977	0.709263087641	0.342243609349
0.000000000000	0.000000000000	0.000000000000	1.000000000000
10	18	55
-0.169447032413	-0.344330097222	0.923430824347	-2.511014022890
0.399243688852	0.832671654398	0.383747824586	-0.581861219634
-0.901050597979	0.433698858783	-0.003622122615	1.521085532280
0.000000000000	0.000000000000	0.000000000000	1.000000000000
10	19	55
0.498102649488	-0.259629708540	0.827336790562	-2.330440221196
0.357799191839	0.930648565755	0.076635405512	-0.816088308540
-0.789856625529	0.257848136512	0.556453816237	1.661383402385
0.000000000000	0.000000000000	0.000000000000	1.000000000000
10	20	55
-0.006405769434	-0.174376316561	0.984658248501	-2.342805526343
0.409711391448	0.897777262749	0.161655690308	-0.648974041502
-0.912192710909	0.404461230174	0.065693009145	1.510912598007
0.000000000000	0.000000000000	0.000000000000	1.000000000000
10	35	55
0.997686488704	-0.008337902413	-0.067469620138	-1.568992766753
-0.001342304945	0.989840834829	-0.142173555639	0.387924017449
0.067969614355	0.141935200317	0.987539634868	-0.378987485097
0.000000000000	0.000000000000	0.000000000000	1.000000000000
10	36	55
0.714466610778	-0.272833185023	0.644282170508	-1.381575352449
0.331618904983	0.942886099460	0.031538948998	0.114239197078
-0.616089574609	0.191122621886	0.764137277891	0.312881283487
0.000000000000	0.000000000000	0.000000000000	1.000000000000
10	43	55
0.903557614325	0.275469248736	-0.328177285313	0.951545563408
-0.122304786651	0.899887684603	0.418621182290	-0.156334366924
0.410639960010	-0.338110703912	0.846791577156	0.085590505760
0.000000000000	0.000000000000	0.000000000000	1.000000000000
10	44	55
0.948784685629	-0.038105665135	-0.313616929708	0.935765788327
0.080241536614	0.989211792017	0.122561520619	-0.130919471070
0.305563276781	-0.141449598159	0.941606656234	0.067509523117
0.000000000000	0.000000000000	0.000000000000	1.000000000000
10	45	55
0.888506787185	0.077599535051	-0.452254354635	0.838266436943
-0.105018986857	0.993825707268	-0.035797709041	0.160090633110
0.446684118283	0.079301801574	0.891170310738	0.142446066473
0.000000000000	0.000000000000	0.000000000000	1.000000000000
10	54	55
0.598056741785	0.265695897983	-0.756130824263	0.480980197609
-0.300409877344	0.948981492104	0.095854229114	0.136903064542
0.743022233315	0.169822900222	0.647362451305	0.410687414733
0.000000000000	0.000000000000	0.000000000000	1.000000000000
11	34	55
0.847630590257	-0.377955529985	0.372386895331	-1.568680797257
0.376780346282	0.922919988815	0.079090232659	0.145932933022
-0.373575900075	0.073268762781	0.924701430346	-0.114071997204
0.000000000000	0.000000000000	0.000000000000	1.000000000000
11	35	55
0.764301441044	-0.306068690489	0.567596039381	-1.264620668601
0.409454974010	0.910323782150	-0.060475085048	-0.056275648876
-0.498186643214	0.278626216202	0.821083126223	0.174181554331
0.000000000000	0.000000000000	0.000000000000	1.000000000000
11	46	55
0.943887134638	-0.022700421699	-0.329487128609	0.681538497145
-0.034513333654	0.985393155460	-0.166760783677	0.482766344741
0.328459901456	0.168775057479	0.929316454771	-0.299112134715
0.000000000000	0.000000000000	0.000000000000	1.000000000000
11	47	55
0.770058857623	0.105900744205	-0.629121918369	0.197579322122
-0.171237294801	0.984250463776	-0.043918258469	0.333308904524
0.614562563670	0.141548779347	0.776064944705	-0.099405434243
0.000000000000	0.000000000000	0.000000000000	1.000000000000
11	53	55
0.903580261514	-0.022356029481	-0.427835153942	0.451666891230
-0.087239648794	0.968112192083	-0.234836171019	0.540799121952
0.419442433096	0.249517517394	0.872816735536	-0.316923499523
0.000000000000	0.000000000000	0.000000000000	1.000000000000
11	54	55
0.977956167372	-0.091200720192	-0.187840792521	0.682074070470
0.061579305667	0.985533611784	-0.157897084072	0.615239350778
0.199523742477	0.142849321599	0.969424750822	-0.365940642822
0.000000000000	0.000000000000	0.000000000000	1.000000000000
12	13	55
0.845732372785	0.285382498930	-0.450880896610	-0.104851415100
-0.276296612611	0.957079202038	0.087519042994	-0.371719832869
0.456505131935	0.050559176529	0.888283082236	0.702473631322
0.000000000000	0.000000000000	0.000000000000	1.000000000000
12	32	55
0.759217487750	-0.509602984058	0.404837751369	-1.472393991704
0.402503108673	0.856448749138	0.323244160982	-0.465667679532
-0.511448974780	-0.082464166396	0.855347652979	1.209244815320
0.000000000000	0.000000000000	0.000000000000	1.000000000000
12	33	55
0.611874698894	-0.488313746353	0.622221052341	-1.811444767563
0.471481581205	0.856807341853	0.208773316139	-0.279201018628
-0.635070446043	0.165622655667	0.754489671561	0.816807681824
0.000000000000	0.000000000000	0.000000000000	1.000000000000
12	47	55
0.944078958159	-0.200528749988	0.261731047431	-0.709283867466
0.228280837516	0.970301960970	-0.080012272563	0.580142029600
-0.237913387568	0.135286085633	0.961818535406	-0.707572072303
0.000000000000	0.000000000000	0.000000000000	1.000000000000
12	48	55
0.990950713240	-0.111840799389	-0.074218053874	-0.899166235164
0.098582969322	0.981680625057	-0.163047687955	0.530864770986
0.091093809277	0.154255586543	0.983822713669	-0.457980685601
0.000000000000	0.000000000000	0.000000000000	1.000000000000
12	52	55
0.997171908976	-0.062686593777	0.041455698162	-1.072744876054
0.072355652832	0.949902068167	-0.304057100551	0.599262417878
-0.020318549474	0.306196753498	0.951751388071	-0.704286254523
0.000000000000	0.000000000000	0.000000000000	1.000000000000
12	53	55
0.829632731722	-0.205729715086	0.519022942447	-0.826337287777
0.322998683809	0.935127212511	-0.145632917566	0.699859926906
-0.455391458762	0.288465562507	0.842262571016	-0.987536724426
0.000000000000	0.000000000000	0.000000000000	1.000000000000
13	14	55
0.766873962830	0.238012247510	-0.596032293729	0.312114248762
-0.355752195942	0.930605299855	-0.086105464191	-0.176076170376
0.534176656374	0.278071835892	0.798330353844	0.405115420384
0.000000000000	0.000000000000	0.000000000000	1.000000000000
13	24	55
0.685837436366	0.222848917095	-0.692795331270	-0.199578778479
-0.361394041483	0.930580740403	-0.058428010168	-0.284300566032
0.631681373527	0.290444221393	0.718763380118	0.633348342218
0.000000000000	0.000000000000	0.000000000000	1.000000000000
13	25	55
0.897586531068	0.266932378999	-0.350835466120	-0.088532305227
-0.177751532916	0.947420909752	0.266078958790	-0.278789319978
0.403413945956	-0.176467347707	0.897839887397	0.720972100649
0.000000000000	0.000000000000	0.000000000000	1.000000000000
13	26	55
0.986674299500	-0.051604604243	-0.154307457784	-0.041528010139
0.043931725703	0.997642000780	-0.052729894327	-0.485313575337
0.156664706247	0.045248238639	0.986614801590	0.996841370982
0.000000000000	0.000000000000	0.000000000000	1.000000000000
13	47	55
0.562978954249	-0.370270564683	0.738887275572	-1.625048482299
0.489958284471	0.869508661789	0.062414473906	0.606012655497
-0.665579128692	0.326885906707	0.670932207787	-0.742279416320
0.000000000000	0.000000000000	0.000000000000	1.000000000000
13	48	55
0.833794018281	-0.288474895650	0.470711981640	-1.552323131232
0.391741586365	0.909929262454	-0.136261758546	0.605170077734
-0.389006509704	0.298011697604	0.871701189341	-0.513623298161
0.000000000000	0.000000000000	0.000000000000	1.000000000000
13	49	55
0.993906015992	-0.084624936848	0.070636049142	-1.829909955643
0.101879045154	0.949891833394	-0.295510008307	0.428881662552
-0.042089090432	0.300905508282	0.952724715514	-0.357059265923
0.000000000000	0.000000000000	0.000000000000	1.000000000000
13	51	55
0.999848238405	-0.001806505614	0.017327339529	-2.005004353040
0.008852914144	0.909302029464	-0.416042600131	0.539492480375
-0.015004201706	0.416132858292	0.909180025177	-0.442755758144
0.000000000000	0.000000000000	0.000000000000	1.000000000000
13	52	55
0.814177933701	-0.159682260762	0.558225642436	-1.723695117513
0.355010019913	0.897690145027	-0.260998638468	0.670815824535
-0.459436805270	0.410675028604	0.787568309955	-0.699690944277
0.000000000000	0.000000000000	0.000000000000	1.000000000000
14	15	55
0.931592549286	0.139734278296	-0.335573618724	0.203837891022
-0.133158823426	0.990176649662	0.042648918009	-0.007400413616
0.338236677281	0.004953173990	0.941048041393	0.038262769124
0.000000000000	0.000000000000	0.000000000000	1.000000000000
14	16	55
0.862759598952	0.208314202694	-0.460707138400	0.233940953731
-0.191817863387	0.977917745862	0.082962579600	0.171356838357
0.467815969909	0.016795097031	0.883666307502	-0.344911016811
0.000000000000	0.000000000000	0.000000000000	1.000000000000
14	23	55
0.895215100214	0.139062682826	-0.423381027674	-0.113377407317
-0.121307463624	0.990231174668	0.068751145327	0.022891466306
0.428805811082	-0.010187784841	0.903339241604	0.147759362333
0.000000000000	0.000000000000	0.000000000000	1.000000000000
14	24	55
0.992334081866	0.023304665797	-0.121367056979	-0.238916490506
-0.025483486190	0.999540201458	-0.016430995152	-0.139132619155
0.120928333732	0.019397892209	0.992471692230	0.499222474235
0.000000000000	0.000000000000	0.000000000000	1.000000000000
14	25	55
0.963587479790	-0.241965653987	0.113805936064	-0.116274107072
0.178330755082	0.898662539047	0.400754017703	-0.090569449101
-0.199241839443	-0.365866455423	0.909089888961	0.518584045415
0.000000000000	0.000000000000	0.000000000000	1.000000000000
14	26	55
0.804982683999	-0.364561389205	0.468078916383	0.061859026101
0.331311561172	0.930688282635	0.155086975596	-0.146827614658
-0.492174286097	0.030237626670	0.869971354723	0.723593464893
0.000000000000	0.000000000000	0.000000000000	1.000000000000
14	49	55
0.710692630089	-0.248533139773	0.658139243604	-2.248818046441
0.331704641866	0.943381289139	-0.001942644449	-0.146481182458
-0.620393436539	0.219688465191	0.752893725675	0.588351160474
0.000000000000	0.000000000000	0.000000000000	1.000000000000
14	51	55
0.776394474732	-0.129220969270	0.616857812390	-2.428710183669
0.244708860971	0.963773622554	-0.106103618368	-0.196410139976
-0.580800476039	0.233328835701	0.779890031647	0.556302750351
0.000000000000	0.000000000000	0.000000000000	1.000000000000
15	16	55
0.989891187760	0.065581402040	-0.125755779594	-0.172347460194
-0.062570403367	0.997654695275	0.027749839976	0.172214599866
0.127280717382	-0.019600732200	0.991673046059	-0.359917809945
0.000000000000	0.000000000000	0.000000000000	1.000000000000
15	22	55
0.925579885251	0.189913102653	-0.327467386864	-0.391340098013
-0.118277258113	0.966826929725	0.226398273339	0.328614142027
0.359600286752	-0.170817743219	0.917337959734	-0.555998367231
0.000000000000	0.000000000000	0.000000000000	1.000000000000
15	23	55
0.994392723133	-0.017518092054	-0.104289158741	-0.251685543010
0.019667855089	0.999614024459	0.019620845591	-0.022031272579
0.103905185897	-0.021561970139	0.994353455159	0.200979642520
0.000000000000	0.000000000000	0.000000000000	1.000000000000
15	24	55
0.966017755445	-0.107054039364	0.235263955634	-0.261567615337
0.118501897402	0.992335715097	-0.035030399004	-0.165665054692
-0.229710679937	0.061719212551	0.971300026936	0.578865828186
0.000000000000	0.000000000000	0.000000000000	1.000000000000
15	49	55
0.397700505264	-0.278099550121	0.874354017738	-2.100039996339
0.418509933867	0.903032270679	0.096861516440	-0.475361860702
-0.816507038161	0.327403968111	0.475523814649	1.378590296749
0.000000000000	0.000000000000	0.000000000000	1.000000000000
15	50	55
0.673780592629	-0.110676127807	0.730595994876	-2.130175808380
0.330766202208	0.929306475233	-0.164265621988	-0.556248353766
-0.660767305844	0.352335450706	0.662756590087	1.390174966625
0.000000000000	0.000000000000	0.000000000000	1.000000000000
15	51	55
0.500145817556	-0.166028578391	0.849875680520	-2.267159319690
0.341021031868	0.939900617313	-0.017072943489	-0.543432229917
-0.795964080223	0.298364442809	0.526706599789	1.384693887835
0.000000000000	0.000000000000	0.000000000000	1.000000000000
16	17	55
0.934982349783	0.119923027743	-0.333806041005	-0.229006770321
-0.119177108350	0.992611350246	0.022793073683	0.121504229301
0.334073079490	0.018470917125	0.942366172345	-0.291799804842
0.000000000000	0.000000000000	0.000000000000	1.000000000000
16	22	55
0.966223978521	0.105971564018	-0.234906898474	-0.205359933332
-0.060437374878	0.979298147831	0.193190220696	0.124144074759
0.250516560428	-0.172467867367	0.952625995697	-0.150384667464
0.000000000000	0.000000000000	0.000000000000	1.000000000000
16	23	55
0.996609629142	-0.080112612978	0.018740766885	0.008845138826
0.080473812510	0.996568200774	-0.019385218767	-0.184385320660
-0.017123451807	0.020827636647	0.999636432384	0.550244365275
0.000000000000	0.000000000000	0.000000000000	1.000000000000
16	24	55
0.911665950433	-0.173165995798	0.372664370070	0.025729635056
0.200132469016	0.979157432689	-0.034608046112	-0.373003844217
-0.358904151085	0.106133217747	0.927320629785	0.947704077081
0.000000000000	0.000000000000	0.000000000000	1.000000000000
16	48	55
-0.220315507479	-0.354297118251	0.908809457017	-1.753785730044
0.506743689733	0.754534564901	0.416999308496	-0.655199993707
-0.833469801540	0.552404871783	0.013302163388	1.668073228183
0.000000000000	0.000000000000	0.000000000000	1.000000000000
16	49	55
0.273122183192	-0.268077308118	0.923871652298	-1.677363798398
0.462535711977	0.878682655133	0.118226505973	-0.746898785539
-0.843483839913	0.395033351049	0.363983053678	1.937739991513
0.000000000000	0.000000000000	0.000000000000	1.000000000000
16	51	55
0.370020362904	-0.143054783392	0.917943494985	-1.838059605133
0.385562645853	0.922608268075	-0.011637431121	-0.758859087110
-0.845237467910	0.358230809156	0.396540426958	1.977392807610
0.000000000000	0.000000000000	0.000000000000	1.000000000000
17	21	55
0.947647640323	0.171699745772	-0.269226943473	-0.293346517117
-0.162201026427	0.985091813455	0.057314449221	0.027026745331
0.275054134337	-0.010645015987	0.961369807524	-0.098655356246
0.000000000000	0.000000000000	0.000000000000	1.000000000000
17	22	55
0.992904487874	-0.059315701294	0.103064666787	0.004378842110
0.039011562171	0.981224234717	0.188883824670	-0.016373438056
-0.112333325318	-0.183522883545	0.976575944429	0.129854947549
0.000000000000	0.000000000000	0.000000000000	1.000000000000
18	19	55
0.763985224882	0.193769779352	-0.615450931246	-0.228343263552
-0.228829383461	0.973209901784	0.022351741219	-0.188089878802
0.603294032314	0.123756857105	0.787858204814	0.084806914317
0.000000000000	0.000000000000	0.000000000000	1.000000000000
18	20	55
0.987560371923	0.026103649357	-0.155058412536	-0.077618110361
-0.055400753136	0.980652248142	-0.187754959363	-0.089647085800
0.147157291222	0.194009710333	0.969899460736	0.107197628672
0.000000000000	0.000000000000	0.000000000000	1.000000000000
18	36	55
0.569591583117	0.259077332312	-0.780028438151	1.128450683161
-0.243266809974	0.959642227037	0.141095907994	-0.344478735172
0.785102978983	0.109387988232	0.609629051492	1.289345693955
0.000000000000	0.000000000000	0.000000000000	1.000000000000
18	45	55
-0.595143952249	0.323428057427	-0.735661585086	0.980180835291
-0.206867871439	0.822926644246	0.529147826184	-1.177934969160
0.776536773030	0.467103874805	-0.422852941664	3.353379166919
0.000000000000	0.000000000000	0.000000000000	1.000000000000
19	20	55
0.848039279640	-0.114023498948	0.517521035201	0.099093591603
0.176441187737	0.981611501138	-0.072851685662	0.110497959139
-0.499697796131	0.153093117159	0.852563551896	-0.067878632335
0.000000000000	0.000000000000	0.000000000000	1.000000000000
19	35	55
0.454678233930	0.214413272870	-0.864462059322	2.442621078037
-0.227394967893	0.966369781652	0.120087358561	0.440266203219
0.861138335093	0.141973214117	0.488143804945	-0.401202418699
0.000000000000	0.000000000000	0.000000000000	1.000000000000
19	36	55
0.967935436970	0.051004543243	-0.245966514847	1.806487317726
-0.041251502609	0.998150811815	0.044646056995	0.301123724113
0.247788828219	-0.033068012357	0.968249556245	0.079009314477
0.000000000000	0.000000000000	0.000000000000	1.000000000000
20	36	55
0.693080793267	0.230165471173	-0.683127272098	1.369540703748
-0.082046859629	0.966685286746	0.242462098511	0.002802149389
0.716175486057	-0.111997376170	0.688875359482	0.993502431021
0.000000000000	0.000000000000	0.000000000000	1.000000000000
21	22	55
0.903100816801	-0.263316035684	0.339224969667	0.342630447732
0.206518267324	0.958909885829	0.194530296150	0.003167856464
-0.376509123336	-0.105624316377	0.920371872579	0.123602424507
0.000000000000	0.000000000000	0.000000000000	1.000000000000
22	23	55
0.957451997751	-0.145382462254	0.249298238405	0.463297115513
0.196440792495	0.961144069299	-0.193940952601	-0.388484553566
-0.211415910109	0.234661496033	0.948808355377	0.575022206356
0.000000000000	0.000000000000	0.000000000000	1.000000000000
23	24	55
0.940891243814	-0.099540461704	0.323752009719	0.045310856803
0.121018114339	0.991544340616	-0.046844813943	-0.162112131435
-0.316351518592	0.083255732986	0.944981586916	0.364872969408
0.000000000000	0.000000000000	0.000000000000	1.000000000000
23	49	55
0.325521541915	-0.230716706137	0.916954484835	-1.741150455852
0.427059918960	0.901097609385	0.075119398153	-0.462889204390
-0.843596794308	0.367141525669	0.391856541048	1.359493398664
0.000000000000	0.000000000000	0.000000000000	1.000000000000
23	50	55
0.598231792262	-0.070674946196	0.798200334946	-1.769080162027
0.335607655378	0.926629862100	-0.169483333448	-0.586423829840
-0.727658040826	0.369272461260	0.578058496154	1.417012676101
0.000000000000	0.000000000000	0.000000000000	1.000000000000
23	51	55
0.409270868165	-0.101617320637	0.906736608182	-1.905615144573
0.349579872681	0.935408649642	-0.052958198527	-0.476077749657
-0.842787796001	0.338651115932	0.418358880138	1.415078287340
0.000000000000	0.000000000000	0.000000000000	1.000000000000
24	25	55
0.926307681004	-0.301009302647	0.226599823107	0.096156962948
0.181824332855	0.883901707489	0.430880126579	0.016604795156
-0.329990896987	-0.357926209181	0.873495756536	0.025769540437
0.000000000000	0.000000000000	0.000000000000	1.000000000000
24	49	55
0.627571794365	-0.229026225000	0.744110631009	-2.005010297734
0.326803530402	0.944969633525	0.015226432004	-0.021913381627
-0.706649202529	0.233622301969	0.667882867416	0.348729355314
0.000000000000	0.000000000000	0.000000000000	1.000000000000
24	50	55
0.838406397935	-0.063145304203	0.541375454245	-2.075465466251
0.203265003435	0.957834432068	-0.203067819026	-0.127070898821
-0.505725271546	0.280296042253	0.815889746484	0.409547947941
0.000000000000	0.000000000000	0.000000000000	1.000000000000
24	51	55
0.690552286113	-0.094181997002	0.717124320871	-2.224823752050
0.239517653903	0.965320406834	-0.103864361642	-0.034530334718
-0.682472588177	0.243487707270	0.689162464732	0.379110825090
0.000000000000	0.000000000000	0.000000000000	1.000000000000
25	26	55
0.945139141874	-0.182051595482	0.271236463406	0.212927204482
0.263179101170	0.916227699827	-0.302098597775	-0.165921952534
-0.193516829258	0.356908978106	0.913874837240	0.182244327681
0.000000000000	0.000000000000	0.000000000000	1.000000000000
25	48	55
0.552868664530	-0.307567652104	0.774427775303	-1.852362888323
0.651561788919	0.738910747595	-0.171691998384	0.704294048386
-0.519426101579	0.599510672522	0.608919927848	-0.437037529814
0.000000000000	0.000000000000	0.000000000000	1.000000000000
25	49	55
0.881677019811	-0.113513949646	0.457995868947	-2.021639402411
0.344511601832	0.818109915300	-0.460443180741	0.521003130722
-0.322424237518	0.563747061831	0.760415584623	-0.228669320494
0.000000000000	0.000000000000	0.000000000000	1.000000000000
25	51	55
0.892797603154	0.027292848565	0.449630448502	-2.320245411721
0.253824075216	0.794131183656	-0.552203768537	0.518158046377
-0.372136774108	0.607133233782	0.702070835310	-0.160836830495
0.000000000000	0.000000000000	0.000000000000	1.000000000000
25	52	55
