0	11	37
0.822295372863	0.169196340779	-0.543325793641	-0.841113309574
0.077940260978	0.912292526209	0.402054302728	-0.064916309215
0.563698177651	-0.372954346926	0.736986716042	1.005146803965
0.000000000000	0.000000000000	0.000000000000	1.000000000000
0	27	37
-0.666998222256	-0.578218131468	-0.469869305179	1.395010837009
0.214893507786	-0.753145360932	0.621765909019	-1.515114988577
-0.713396209563	0.313744892784	0.626601939378	0.052168380654
0.000000000000	0.000000000000	0.000000000000	1.000000000000
1	11	37
0.684450910003	0.356959180388	-0.635694183812	-1.021839816651
0.157525401059	0.778933637871	0.606999288150	0.178174927007
0.711837551564	-0.515599196402	0.476911699220	0.789859303668
0.000000000000	0.000000000000	0.000000000000	1.000000000000
1	12	37
0.942827603569	0.059757928173	-0.327879703501	-1.029505887750
0.049947650904	0.947348257067	0.316285491290	0.026702403921
0.329516831310	-0.314579512766	0.890201318821	0.443823104431
0.000000000000	0.000000000000	0.000000000000	1.000000000000
1	13	37
0.965035771232	-0.082026643005	-0.248952987692	-0.835340200661
0.155745862663	0.943372730929	0.292901206557	0.071975293215
0.210829757166	-0.321433539595	0.923163741227	0.264689085293
0.000000000000	0.000000000000	0.000000000000	1.000000000000
3	5	37
0.784188982022	-0.241576164064	0.571566791750	-0.227888056093
0.258300188707	0.964593047082	0.053303527424	0.152636610576
-0.564206214951	0.105835771259	0.818822408421	-0.196542543078
0.000000000000	0.000000000000	0.000000000000	1.000000000000
5	7	37
0.256617977442	-0.552245433796	0.793203753461	-0.162260796456
0.565449845529	0.751361767581	0.340179315080	0.126909050560
-0.783845447677	0.361220812065	0.505080032358	-0.209723167645
0.000000000000	0.000000000000	0.000000000000	1.000000000000
8	14	37
0.058862772821	-0.404084695060	0.912825686094	-0.322017808069
0.521276606462	0.792282971297	0.317109433711	-0.212580151648
-0.851355315677	0.457168735382	0.257275871114	0.684898687306
0.000000000000	0.000000000000	0.000000000000	1.000000000000
8	16	37
0.948029125923	-0.174503220181	0.266062779337	0.678261871342
0.173691381943	0.984436189636	0.026771110819	-0.499114395611
-0.266593473740	0.020833019037	0.963583885854	1.066854726762
0.000000000000	0.000000000000	0.000000000000	1.000000000000
9	10	37
0.878384677727	-0.320023135621	0.355000775495	-0.158550061943
0.055668361115	0.806196956980	0.589022495434	0.158652019376
-0.474701370869	-0.497626023459	0.725966217720	0.100560914683
0.000000000000	0.000000000000	0.000000000000	1.000000000000
9	15	37
0.982567694791	-0.184434117586	-0.023340553180	0.051982004775
0.144567549963	0.679104454176	0.719664757937	0.248367905555
-0.116880060960	-0.710493628816	0.693929286571	0.847125889071
0.000000000000	0.000000000000	0.000000000000	1.000000000000
9	16	37
0.989263832942	-0.142841831682	-0.030875232053	0.395837544660
0.133406133157	0.796421455155	0.589843766946	0.255507454680
-0.059664666837	-0.587630051045	0.806926917781	1.383315561506
0.000000000000	0.000000000000	0.000000000000	1.000000000000
10	11	37
0.687668033609	-0.285221703186	0.667653544576	-0.153637559079
0.369853948682	0.928953708597	0.015907983145	-0.113679754713
-0.624756538338	0.235994888325	0.744302143278	0.204485506035
0.000000000000	0.000000000000	0.000000000000	1.000000000000
10	13	37
0.132772720409	-0.054227079591	0.989661976916	-0.711566127856
0.590081691891	0.806585849708	-0.034969471632	-0.028284137793
-0.796351054253	0.588624405619	0.139091004380	0.144727495433
0.000000000000	0.000000000000	0.000000000000	1.000000000000
10	17	37
0.118296468987	0.731008506803	-0.672036091596	1.822636150963
-0.315072158768	0.669448148450	0.672732273126	-1.424165497030
0.941666331667	0.132158009664	0.309513780448	1.825593832515
0.000000000000	0.000000000000	0.000000000000	1.000000000000
11	14	37
0.995083295320	0.044658301790	-0.088401761609	-0.318215527000
-0.041146647176	0.998305128734	0.041156085453	0.090355349185
0.090089892888	-0.037316297040	0.995234296623	-0.112916275110
0.000000000000	0.000000000000	0.000000000000	1.000000000000
11	27	37
-0.924874899142	0.372643661517	-0.075783391767	0.107819523111
-0.028240242797	-0.266043876358	-0.963547167781	1.996248854612
-0.379221451956	-0.889020448237	0.256580850792	1.952507575912
0.000000000000	0.000000000000	0.000000000000	1.000000000000
12	27	37
-0.677245006577	-0.716485171106	0.167296744292	0.503471600409
0.352989801044	-0.116903801713	0.928295050888	-2.803130475720
-0.645552012951	0.687737232328	0.332084473960	0.157053578078
0.000000000000	0.000000000000	0.000000000000	1.000000000000
13	14	37
0.752534820303	0.401755221916	-0.521808476258	-0.250870404189
-0.140679472397	0.872137197135	0.468600037793	-0.003371307252
0.643351094099	-0.279230104103	0.712832321577	0.260198355997
0.000000000000	0.000000000000	0.000000000000	1.000000000000
13	27	37
0.670006178250	0.096554464692	0.736049561141	-1.250398267274
-0.313497989679	-0.861954223898	0.398439363481	-1.137413637014
0.672912127677	-0.497706892912	-0.547245024805	4.771205870391
0.000000000000	0.000000000000	0.000000000000	1.000000000000
14	16	37
0.410888098615	0.465405845285	-0.783944111268	-0.361835095472
-0.390228251931	0.866913876619	0.310132619891	-0.409893182451
0.823949562663	0.178487337646	0.537819103871	0.862162103314
0.000000000000	0.000000000000	0.000000000000	1.000000000000
14	17	37
-0.948391271765	0.237860895928	-0.209705006683	-0.435116886124
0.092871315372	-0.423968290004	-0.900902773806	2.523884334048
-0.303197814010	-0.873883907198	0.379997371465	1.535020764256
0.000000000000	0.000000000000	0.000000000000	1.000000000000
16	18	37
0.834491130098	0.060336582538	0.547707997564	0.263692223096
0.143601279080	0.935825458934	-0.321884114329	-0.270274932265
-0.531980475615	0.347261007340	0.772273634372	0.769109296787
0.000000000000	0.000000000000	0.000000000000	1.000000000000
16	19	37
0.911383272322	-0.065943888310	0.406241227014	0.705693312864
0.143749124814	0.975917516853	-0.164076779025	-0.697945518551
-0.385638068720	0.207933652627	0.898914276257	1.028429308666
0.000000000000	0.000000000000	0.000000000000	1.000000000000
18	20	37
0.832252112849	-0.459809150438	0.309728858572	0.098842054852
0.282922452867	0.832707269162	0.475976353979	-0.199222543467
-0.476771754954	-0.308503077874	0.823112716838	1.040257192289
0.000000000000	0.000000000000	0.000000000000	1.000000000000
20	33	37
-0.613074139927	0.670691650286	-0.417507855243	-0.051003730440
0.021344590739	0.542342887161	0.839886064411	-1.217012110492
0.789736986217	0.506000892275	-0.346812037879	1.551401133916
0.000000000000	0.000000000000	0.000000000000	1.000000000000
20	34	37
0.329183707194	-0.659071628180	-0.676212005103	0.433544606465
0.894741266689	-0.011163360235	0.446445343880	-0.045855468639
-0.301788257892	-0.751997319354	0.586023787130	0.371915429408
0.000000000000	0.000000000000	0.000000000000	1.000000000000
20	36	37
0.231110276673	0.487011969484	-0.842263249582	2.759294450771
-0.655155653394	0.717905177331	0.235336410669	-1.795182381108
0.719276796401	0.497424866629	0.484983909236	0.911400077654
0.000000000000	0.000000000000	0.000000000000	1.000000000000
21	24	37
0.805416952684	-0.230013708628	0.546257472419	0.009758445285
0.403886350704	0.887515398030	-0.221793223464	-0.580738193427
-0.433796436183	0.399261959248	0.807719344731	0.560434541612
0.000000000000	0.000000000000	0.000000000000	1.000000000000
21	29	37
0.991036488047	0.086843778091	0.101512745836	0.210915343548
-0.054191818153	0.955885077343	-0.288698745683	-0.759471379037
-0.122106208710	0.280609830762	0.952023212256	0.689134193302
0.000000000000	0.000000000000	0.000000000000	1.000000000000
21	30	37
0.959857966231	0.069812282525	-0.271659584540	0.295358966462
-0.239856497513	0.706374998845	-0.665960375403	-0.747429184043
0.145401324838	0.704386687988	0.694764599358	0.580914656053
0.000000000000	0.000000000000	0.000000000000	1.000000000000
21	31	37
0.871591570762	0.436762741351	-0.222635220808	0.004391813349
-0.372992610951	0.885525023283	0.276987265620	-0.897380478636
0.318126776541	-0.158378473624	0.934725421255	1.089258381829
0.000000000000	0.000000000000	0.000000000000	1.000000000000
22	24	37
0.955918300892	-0.173974942512	0.236543698705	-0.013563301227
0.153176653019	0.982734977976	0.103773195150	-0.221745001456
-0.250513702198	-0.062965724325	0.966063249778	0.702556713314
0.000000000000	0.000000000000	0.000000000000	1.000000000000
22	27	37
0.662450366398	0.245367737199	0.707781170703	-0.171517899443
0.257193081244	0.812903736479	-0.522531562854	-0.185924675756
-0.703570345466	0.528187645406	0.475401493709	0.545243865968
0.000000000000	0.000000000000	0.000000000000	1.000000000000
22	30	37
0.813313971954	0.027435646424	-0.581177828491	0.176774354734
-0.240239539015	0.925595679543	-0.292502310941	-0.420961647644
0.529910697116	0.377518109919	0.759391025602	0.887853933812
0.000000000000	0.000000000000	0.000000000000	1.000000000000
22	31	37
0.628535613515	0.637596600568	-0.445436367495	-0.200315227293
-0.229734383486	0.699339581610	0.676865025420	-0.335107992503
0.743078122129	-0.323101724750	0.586037694928	1.324365522794
0.000000000000	0.000000000000	0.000000000000	1.000000000000
23	24	37
0.914443274754	-0.324396926640	0.241992006569	0.052580938726
0.102549856275	0.764145115193	0.636840458752	0.172421493572
-0.391506097315	-0.557538229104	0.732034219728	0.425602430214
0.000000000000	0.000000000000	0.000000000000	1.000000000000
23	27	37
0.601966804874	0.126371999662	0.788458041706	-0.101949478477
-0.100872884330	0.991522194183	-0.081904820668	0.084019929701
-0.792124123504	-0.030230053639	0.609610955298	0.330587913474
0.000000000000	0.000000000000	0.000000000000	1.000000000000
24	25	37
0.646027420291	-0.450261358764	0.616371057916	0.012933851699
0.425305106321	0.882863622837	0.199166739210	0.016106466380
-0.633848671821	0.133478583581	0.761852563792	0.043427494802
0.000000000000	0.000000000000	0.000000000000	1.000000000000
24	30	37
0.438635759965	0.543233368701	-0.715888383206	1.318178347613
-0.879703916853	0.422332620575	-0.218531865575	-0.825553204774
0.183629215414	0.725625705669	0.663134712196	0.838935135229
0.000000000000	0.000000000000	0.000000000000	1.000000000000
25	26	37
0.926779234512	0.042001320917	0.373250772966	-0.057870135945
0.178702876913	0.824745867039	-0.536525429580	0.001326677508
-0.330371809120	0.563941613861	0.756851586439	-0.120344206364
0.000000000000	0.000000000000	0.000000000000	1.000000000000
25	28	37
0.842860181058	0.396741861945	-0.363569264607	0.055242550687
-0.344808927314	0.916866269732	0.201154286737	0.008525995677
0.413150721688	-0.044183010407	0.909590205950	0.002992347709
0.000000000000	0.000000000000	0.000000000000	1.000000000000
27	28	37
0.969015075884	0.118617547492	-0.216655625674	0.015774444968
0.109486255177	0.579992354962	0.807230839421	0.168441225189
0.221410348983	-0.805939666236	0.549034344783	0.177384845921
0.000000000000	0.000000000000	0.000000000000	1.000000000000
28	31	37
0.068597247908	0.874777851300	-0.479643751606	-0.566207621311
-0.567737899111	0.429563786083	0.702245421202	-0.213569283920
0.820346326555	0.224139832608	0.526111433012	0.382548366443
0.000000000000	0.000000000000	0.000000000000	1.000000000000
29	31	37
0.817844438085	0.448507195022	-0.360515978990	-0.206286748966
-0.219537628589	0.822311225546	0.524983312092	-0.063158412546
0.531915129252	-0.350207858786	0.770986868188	0.404260201117
0.000000000000	0.000000000000	0.000000000000	1.000000000000
30	32	37
0.545458979915	0.428174842020	-0.720514264877	-0.159846798784
0.034901008098	0.847311964323	0.529947501880	0.108343973696
0.837410544992	-0.314211297977	0.447230186100	0.896985976517
0.000000000000	0.000000000000	0.000000000000	1.000000000000
30	33	37
0.248862168151	0.600702433672	-0.759752727829	-0.517229157269
-0.213176526195	0.799167415993	0.562038441653	-0.031614589967
0.944787484010	0.022091342112	0.326938193947	0.646619222280
0.000000000000	0.000000000000	0.000000000000	1.000000000000
31	35	37
-0.224492875507	0.336309470702	-0.914603131835	0.122654511293
-0.866828123043	0.359882775139	0.345099106431	-0.556320960873
0.445210011059	0.870276006836	0.210731388214	0.175225987616
0.000000000000	0.000000000000	0.000000000000	1.000000000000
31	36	37
-0.162949793419	0.432503033593	-0.886785481815	0.201672002643
-0.730157222530	0.551627736332	0.403208718777	-0.691818679071
0.663564461987	0.713195601811	0.225907588064	0.315457180880
0.000000000000	0.000000000000	0.000000000000	1.000000000000
